16,16
16,16
16,16
16,17
16,17
16,17
16,18
16,18
16,18
16,19
16,19
16,19
16,20
16,20
16,20
16,21
16,21
16,21
16,22
16,22
16,22
16,23
16,23
16,23
16,24
16,24
16,24
16,25
16,25
16,25
16,26
16,26
16,26
16,27
16,27
16,27
16,28
16,28
16,28
16,29
16,29
16,29
16,30
16,30
16,30
16,31
16,31
16,31
16,32
16,32
16,32
16,33
16,33
16,33
16,34
16,34
16,34
16,35
16,35
16,35
16,36
16,36
16,36
16,37
16,37
16,37
16,38
16,38
16,38
16,39
16,39
16,39
16,40
16,40
16,40
16,41
16,41
16,41
16,42
16,42
16,42
16,43
16,43
16,43
16,44
16,44
16,44
16,45
16,45
16,45
16,46
16,46
16,46
16,47
16,47
16,47
16,48
16,48
16,48
16,49
16,49
16,49
16,50
16,50
16,50
16,51
16,51
16,51
16,52
16,52
16,52
16,53
16,53
16,53
16,54
16,54
16,54
16,55
16,55
16,55
16,56
16,56
16,56
16,57
16,57
16,57
16,58
16,58
16,58
16,59
16,59
16,59
16,60
16,60
16,60
16,61
16,61
16,61
16,62
16,62
16,62
16,63
16,63
16,63
16,64
16,64
16,64
16,65
16,65
16,65
16,66
16,66
16,66
16,67
16,67
16,67
16,68
16,68
16,68
16,69
16,69
16,69
16,70
16,70
16,70
16,71
16,71
16,71
16,72
16,72
16,72
16,73
16,73
16,73
16,74
16,74
16,74
16,75
16,75
16,75
16,76
16,76
16,76
16,77
16,77
16,77
16,78
16,78
16,78
16,79
16,79
16,79
16,80
16,80
16,80
16,81
16,81
16,81
16,82
16,82
16,82
16,83
16,83
16,83
16,84
16,84
16,84
16,85
16,85
16,85
16,86
16,86
16,86
16,87
16,87
16,87
16,88
16,88
16,88
16,89
16,89
16,89
16,90
16,90
16,90
16,91
16,91
16,91
16,92
16,92
16,92
16,93
16,93
16,93
16,94
16,94
16,94
16,95
16,95
16,95
16,96
16,96
16,96
16,97
16,97
16,97
16,98
16,98
16,98
16,99
16,99
16,99
16,100
16,100
16,100
16,101
16,101
16,101
16,102
16,102
16,102
16,103
16,103
16,103
16,104
16,104
16,104
16,105
16,105
16,105
16,106
16,106
16,106
16,107
16,107
16,107
16,108
16,108
16,108
16,109
16,109
16,109
16,110
16,110
16,110
16,111
16,111
16,111
16,112
16,112
16,112
16,113
16,113
16,113
16,114
16,114
16,114
16,115
16,115
16,115
16,116
16,116
16,116
16,117
16,117
16,117
16,118
16,118
16,118
16,119
16,119
16,119
16,120
16,120
16,120
16,121
16,121
16,121
16,122
16,122
16,122
16,123
16,123
16,123
16,124
16,124
16,124
16,125
16,125
16,125
16,126
16,126
16,126
16,127
16,127
16,127
16,128
16,128
16,128
16,129
16,129
16,129
16,130
16,130
16,130
16,131
16,131
16,131
16,132
16,132
16,132
16,133
16,133
16,133
16,134
16,134
16,134
16,135
16,135
16,135
16,136
16,136
16,136
16,137
16,137
16,137
16,138
16,138
16,138
16,139
16,139
16,139
16,140
16,140
16,140
16,141
16,141
16,141
16,142
16,142
16,142
16,143
16,143
16,143
16,144
16,144
16,144
16,145
16,145
16,145
16,146
16,146
16,146
16,147
16,147
16,147
16,148
16,148
16,148
16,149
16,149
16,149
16,150
16,150
16,150
16,151
16,151
16,151
16,152
16,152
16,152
16,153
16,153
16,153
16,154
16,154
16,154
16,155
16,155
16,155
16,156
16,156
16,156
16,157
16,157
16,157
16,158
16,158
16,158
16,159
16,159
16,159
16,160
16,160
16,160
16,161
16,161
16,161
16,162
16,162
16,162
16,163
16,163
16,163
16,164
16,164
16,164
16,165
16,165
16,165
16,166
16,166
16,166
16,167
16,167
16,167
16,168
16,168
16,168
16,169
16,169
16,169
16,170
16,170
16,170
16,171
16,171
16,171
16,172
16,172
16,172
16,173
16,173
16,173
16,174
16,174
16,174
16,175
16,175
16,175
16,176
16,176
16,176
16,177
16,177
16,177
16,178
16,178
16,178
16,179
16,179
16,179
16,180
16,180
16,180
16,181
16,181
16,181
16,182
16,182
16,182
16,183
16,183
16,183
16,184
16,184
16,184
16,185
16,185
16,185
16,186
16,186
16,186
16,187
16,187
16,187
16,188
16,188
16,188
16,189
16,189
16,189
16,190
16,190
16,190
16,191
16,191
16,191
16,192
16,192
16,192
16,193
16,193
16,193
16,194
16,194
16,194
16,195
16,195
16,195
16,196
16,196
16,196
16,197
16,197
16,197
16,198
16,198
16,198
16,199
16,199
16,199
16,200
16,200
16,200
16,201
16,201
16,201
16,202
16,202
16,202
16,203
16,203
16,203
16,204
16,204
16,204
16,205
16,205
16,205
16,206
16,206
16,206
16,207
16,207
16,207
16,208
16,208
16,208
16,209
16,209
16,209
16,210
16,210
16,210
16,211
16,211
16,211
16,212
16,212
16,212
16,213
16,213
16,213
16,214
16,214
16,214
16,215
16,215
16,215
16,216
16,216
16,216
17,16
17,16
17,16
17,17
17,17
17,17
17,18
17,18
17,18
17,19
17,19
17,19
17,20
17,20
17,20
17,21
17,21
17,21
17,22
17,22
17,22
17,23
17,23
17,23
17,24
17,24
17,24
17,25
17,25
17,25
17,26
17,26
17,26
17,27
17,27
17,27
17,28
17,28
17,28
17,29
17,29
17,29
17,30
17,30
17,30
17,31
17,31
17,31
17,32
17,32
17,32
17,33
17,33
17,33
17,34
17,34
17,34
17,35
17,35
17,35
17,36
17,36
17,36
17,37
17,37
17,37
17,38
17,38
17,38
17,39
17,39
17,39
17,40
17,40
17,40
17,41
17,41
17,41
17,42
17,42
17,42
17,43
17,43
17,43
17,44
17,44
17,44
17,45
17,45
17,45
17,46
17,46
17,46
17,47
17,47
17,47
17,48
17,48
17,48
17,49
17,49
17,49
17,50
17,50
17,50
17,51
17,51
17,51
17,52
17,52
17,52
17,53
17,53
17,53
17,54
17,54
17,54
17,55
17,55
17,55
17,56
17,56
17,56
17,57
17,57
17,57
17,58
17,58
17,58
17,59
17,59
17,59
17,60
17,60
17,60
17,61
17,61
17,61
17,62
17,62
17,62
17,63
17,63
17,63
17,64
17,64
17,64
17,65
17,65
17,65
17,66
17,66
17,66
17,67
17,67
17,67
17,68
17,68
17,68
17,69
17,69
17,69
17,70
17,70
17,70
17,71
17,71
17,71
17,72
17,72
17,72
17,73
17,73
17,73
17,74
17,74
17,74
17,75
17,75
17,75
17,76
17,76
17,76
17,77
17,77
17,77
17,78
17,78
17,78
17,79
17,79
17,79
17,80
17,80
17,80
17,81
17,81
17,81
17,82
17,82
17,82
17,83
17,83
17,83
17,84
17,84
17,84
17,85
17,85
17,85
17,86
17,86
17,86
17,87
17,87
17,87
17,88
17,88
17,88
17,89
17,89
17,89
17,90
17,90
17,90
17,91
17,91
17,91
17,92
17,92
17,92
17,93
17,93
17,93
17,94
17,94
17,94
17,95
17,95
17,95
17,96
17,96
17,96
17,97
17,97
17,97
17,98
17,98
17,98
17,99
17,99
17,99
17,100
17,100
17,100
17,101
17,101
17,101
17,102
17,102
17,102
17,103
17,103
17,103
17,104
17,104
17,104
17,105
17,105
17,105
17,106
17,106
17,106
17,107
17,107
17,107
17,108
17,108
17,108
17,109
17,109
17,109
17,110
17,110
17,110
17,111
17,111
17,111
17,112
17,112
17,112
17,113
17,113
17,113
17,114
17,114
17,114
17,115
17,115
17,115
17,116
17,116
17,116
17,117
17,117
17,117
17,118
17,118
17,118
17,119
17,119
17,119
17,120
17,120
17,120
17,121
17,121
17,121
17,122
17,122
17,122
17,123
17,123
17,123
17,124
17,124
17,124
17,125
17,125
17,125
17,126
17,126
17,126
17,127
17,127
17,127
17,128
17,128
17,128
17,129
17,129
17,129
17,130
17,130
17,130
17,131
17,131
17,131
17,132
17,132
17,132
17,133
17,133
17,133
17,134
17,134
17,134
17,135
17,135
17,135
17,136
17,136
17,136
17,137
17,137
17,137
17,138
17,138
17,138
17,139
17,139
17,139
17,140
17,140
17,140
17,141
17,141
17,141
17,142
17,142
17,142
17,143
17,143
17,143
17,144
17,144
17,144
17,145
17,145
17,145
17,146
17,146
17,146
17,147
17,147
17,147
17,148
17,148
17,148
17,149
17,149
17,149
17,150
17,150
17,150
17,151
17,151
17,151
17,152
17,152
17,152
17,153
17,153
17,153
17,154
17,154
17,154
17,155
17,155
17,155
17,156
17,156
17,156
17,157
17,157
17,157
17,158
17,158
17,158
17,159
17,159
17,159
17,160
17,160
17,160
17,161
17,161
17,161
17,162
17,162
17,162
17,163
17,163
17,163
17,164
17,164
17,164
17,165
17,165
17,165
17,166
17,166
17,166
17,167
17,167
17,167
17,168
17,168
17,168
17,169
17,169
17,169
17,170
17,170
17,170
17,171
17,171
17,171
17,172
17,172
17,172
17,173
17,173
17,173
17,174
17,174
17,174
17,175
17,175
17,175
17,176
17,176
17,176
17,177
17,177
17,177
17,178
17,178
17,178
17,179
17,179
17,179
17,180
17,180
17,180
17,181
17,181
17,181
17,182
17,182
17,182
17,183
17,183
17,183
17,184
17,184
17,184
17,185
17,185
17,185
17,186
17,186
17,186
17,187
17,187
17,187
17,188
17,188
17,188
17,189
17,189
17,189
17,190
17,190
17,190
17,191
17,191
17,191
17,192
17,192
17,192
17,193
17,193
17,193
17,194
17,194
17,194
17,195
17,195
17,195
17,196
17,196
17,196
17,197
17,197
17,197
17,198
17,198
17,198
17,199
17,199
17,199
17,200
17,200
17,200
17,201
17,201
17,201
17,202
17,202
17,202
17,203
17,203
17,203
17,204
17,204
17,204
17,205
17,205
17,205
17,206
17,206
17,206
17,207
17,207
17,207
17,208
17,208
17,208
17,209
17,209
17,209
17,210
17,210
17,210
17,211
17,211
17,211
17,212
17,212
17,212
17,213
17,213
17,213
17,214
17,214
17,214
17,215
17,215
17,215
17,216
17,216
17,216
18,16
18,16
18,16
18,17
18,17
18,17
18,18
18,18
18,18
18,19
18,19
18,19
18,20
18,20
18,20
18,21
18,21
18,21
18,22
18,22
18,22
18,23
18,23
18,23
18,24
18,24
18,24
18,25
18,25
18,25
18,26
18,26
18,26
18,27
18,27
18,27
18,28
18,28
18,28
18,29
18,29
18,29
18,30
18,30
18,30
18,31
18,31
18,31
18,32
18,32
18,32
18,33
18,33
18,33
18,34
18,34
18,34
18,35
18,35
18,35
18,36
18,36
18,36
18,37
18,37
18,37
18,38
18,38
18,38
18,39
18,39
18,39
18,40
18,40
18,40
18,41
18,41
18,41
18,42
18,42
18,42
18,43
18,43
18,43
18,44
18,44
18,44
18,45
18,45
18,45
18,46
18,46
18,46
18,47
18,47
18,47
18,48
18,48
18,48
18,49
18,49
18,49
18,50
18,50
18,50
18,51
18,51
18,51
18,52
18,52
18,52
18,53
18,53
18,53
18,54
18,54
18,54
18,55
18,55
18,55
18,56
18,56
18,56
18,57
18,57
18,57
18,58
18,58
18,58
18,59
18,59
18,59
18,60
18,60
18,60
18,61
18,61
18,61
18,62
18,62
18,62
18,63
18,63
18,63
18,64
18,64
18,64
18,65
18,65
18,65
18,66
18,66
18,66
18,67
18,67
18,67
18,68
18,68
18,68
18,69
18,69
18,69
18,70
18,70
18,70
18,71
18,71
18,71
18,72
18,72
18,72
18,73
18,73
18,73
18,74
18,74
18,74
18,75
18,75
18,75
18,76
18,76
18,76
18,77
18,77
18,77
18,78
18,78
18,78
18,79
18,79
18,79
18,80
18,80
18,80
18,81
18,81
18,81
18,82
18,82
18,82
18,83
18,83
18,83
18,84
18,84
18,84
18,85
18,85
18,85
18,86
18,86
18,86
18,87
18,87
18,87
18,88
18,88
18,88
18,89
18,89
18,89
18,90
18,90
18,90
18,91
18,91
18,91
18,92
18,92
18,92
18,93
18,93
18,93
18,94
18,94
18,94
18,95
18,95
18,95
18,96
18,96
18,96
18,97
18,97
18,97
18,98
18,98
18,98
18,99
18,99
18,99
18,100
18,100
18,100
18,101
18,101
18,101
18,102
18,102
18,102
18,103
18,103
18,103
18,104
18,104
18,104
18,105
18,105
18,105
18,106
18,106
18,106
18,107
18,107
18,107
18,108
18,108
18,108
18,109
18,109
18,109
18,110
18,110
18,110
18,111
18,111
18,111
18,112
18,112
18,112
18,113
18,113
18,113
18,114
18,114
18,114
18,115
18,115
18,115
18,116
18,116
18,116
18,117
18,117
18,117
18,118
18,118
18,118
18,119
18,119
18,119
18,120
18,120
18,120
18,121
18,121
18,121
18,122
18,122
18,122
18,123
18,123
18,123
18,124
18,124
18,124
18,125
18,125
18,125
18,126
18,126
18,126
18,127
18,127
18,127
18,128
18,128
18,128
18,129
18,129
18,129
18,130
18,130
18,130
18,131
18,131
18,131
18,132
18,132
18,132
18,133
18,133
18,133
18,134
18,134
18,134
18,135
18,135
18,135
18,136
18,136
18,136
18,137
18,137
18,137
18,138
18,138
18,138
18,139
18,139
18,139
18,140
18,140
18,140
18,141
18,141
18,141
18,142
18,142
18,142
18,143
18,143
18,143
18,144
18,144
18,144
18,145
18,145
18,145
18,146
18,146
18,146
18,147
18,147
18,147
18,148
18,148
18,148
18,149
18,149
18,149
18,150
18,150
18,150
18,151
18,151
18,151
18,152
18,152
18,152
18,153
18,153
18,153
18,154
18,154
18,154
18,155
18,155
18,155
18,156
18,156
18,156
18,157
18,157
18,157
18,158
18,158
18,158
18,159
18,159
18,159
18,160
18,160
18,160
18,161
18,161
18,161
18,162
18,162
18,162
18,163
18,163
18,163
18,164
18,164
18,164
18,165
18,165
18,165
18,166
18,166
18,166
18,167
18,167
18,167
18,168
18,168
18,168
18,169
18,169
18,169
18,170
18,170
18,170
18,171
18,171
18,171
18,172
18,172
18,172
18,173
18,173
18,173
18,174
18,174
18,174
18,175
18,175
18,175
18,176
18,176
18,176
18,177
18,177
18,177
18,178
18,178
18,178
18,179
18,179
18,179
18,180
18,180
18,180
18,181
18,181
18,181
18,182
18,182
18,182
18,183
18,183
18,183
18,184
18,184
18,184
18,185
18,185
18,185
18,186
18,186
18,186
18,187
18,187
18,187
18,188
18,188
18,188
18,189
18,189
18,189
18,190
18,190
18,190
18,191
18,191
18,191
18,192
18,192
18,192
18,193
18,193
18,193
18,194
18,194
18,194
18,195
18,195
18,195
18,196
18,196
18,196
18,197
18,197
18,197
18,198
18,198
18,198
18,199
18,199
18,199
18,200
18,200
18,200
18,201
18,201
18,201
18,202
18,202
18,202
18,203
18,203
18,203
18,204
18,204
18,204
18,205
18,205
18,205
18,206
18,206
18,206
18,207
18,207
18,207
18,208
18,208
18,208
18,209
18,209
18,209
18,210
18,210
18,210
18,211
18,211
18,211
18,212
18,212
18,212
18,213
18,213
18,213
18,214
18,214
18,214
18,215
18,215
18,215
18,216
18,216
18,216
19,16
19,16
19,16
19,17
19,17
19,17
19,18
19,18
19,18
19,19
19,19
19,19
19,20
19,20
19,20
19,21
19,21
19,21
19,22
19,22
19,22
19,23
19,23
19,23
19,24
19,24
19,24
19,25
19,25
19,25
19,26
19,26
19,26
19,27
19,27
19,27
19,28
19,28
19,28
19,29
19,29
19,29
19,30
19,30
19,30
19,31
19,31
19,31
19,32
19,32
19,32
19,33
19,33
19,33
19,34
19,34
19,34
19,35
19,35
19,35
19,36
19,36
19,36
19,37
19,37
19,37
19,38
19,38
19,38
19,39
19,39
19,39
19,40
19,40
19,40
19,41
19,41
19,41
19,42
19,42
19,42
19,43
19,43
19,43
19,44
19,44
19,44
19,45
19,45
19,45
19,46
19,46
19,46
19,47
19,47
19,47
19,48
19,48
19,48
19,49
19,49
19,49
19,50
19,50
19,50
19,51
19,51
19,51
19,52
19,52
19,52
19,53
19,53
19,53
19,54
19,54
19,54
19,55
19,55
19,55
19,56
19,56
19,56
19,57
19,57
19,57
19,58
19,58
19,58
19,59
19,59
19,59
19,60
19,60
19,60
19,61
19,61
19,61
19,62
19,62
19,62
19,63
19,63
19,63
19,64
19,64
19,64
19,65
19,65
19,65
19,66
19,66
19,66
19,67
19,67
19,67
19,68
19,68
19,68
19,69
19,69
19,69
19,70
19,70
19,70
19,71
19,71
19,71
19,72
19,72
19,72
19,73
19,73
19,73
19,74
19,74
19,74
19,75
19,75
19,75
19,76
19,76
19,76
19,77
19,77
19,77
19,78
19,78
19,78
19,79
19,79
19,79
19,80
19,80
19,80
19,81
19,81
19,81
19,82
19,82
19,82
19,83
19,83
19,83
19,84
19,84
19,84
19,85
19,85
19,85
19,86
19,86
19,86
19,87
19,87
19,87
19,88
19,88
19,88
19,89
19,89
19,89
19,90
19,90
19,90
19,91
19,91
19,91
19,92
19,92
19,92
19,93
19,93
19,93
19,94
19,94
19,94
19,95
19,95
19,95
19,96
19,96
19,96
19,97
19,97
19,97
19,98
19,98
19,98
19,99
19,99
19,99
19,100
19,100
19,100
19,101
19,101
19,101
19,102
19,102
19,102
19,103
19,103
19,103
19,104
19,104
19,104
19,105
19,105
19,105
19,106
19,106
19,106
19,107
19,107
19,107
19,108
19,108
19,108
19,109
19,109
19,109
19,110
19,110
19,110
19,111
19,111
19,111
19,112
19,112
19,112
19,113
19,113
19,113
19,114
19,114
19,114
19,115
19,115
19,115
19,116
19,116
19,116
19,117
19,117
19,117
19,118
19,118
19,118
19,119
19,119
19,119
19,120
19,120
19,120
19,121
19,121
19,121
19,122
19,122
19,122
19,123
19,123
19,123
19,124
19,124
19,124
19,125
19,125
19,125
19,126
19,126
19,126
19,127
19,127
19,127
19,128
19,128
19,128
19,129
19,129
19,129
19,130
19,130
19,130
19,131
19,131
19,131
19,132
19,132
19,132
19,133
19,133
19,133
19,134
19,134
19,134
19,135
19,135
19,135
19,136
19,136
19,136
19,137
19,137
19,137
19,138
19,138
19,138
19,139
19,139
19,139
19,140
19,140
19,140
19,141
19,141
19,141
19,142
19,142
19,142
19,143
19,143
19,143
19,144
19,144
19,144
19,145
19,145
19,145
19,146
19,146
19,146
19,147
19,147
19,147
19,148
19,148
19,148
19,149
19,149
19,149
19,150
19,150
19,150
19,151
19,151
19,151
19,152
19,152
19,152
19,153
19,153
19,153
19,154
19,154
19,154
19,155
19,155
19,155
19,156
19,156
19,156
19,157
19,157
19,157
19,158
19,158
19,158
19,159
19,159
19,159
19,160
19,160
19,160
19,161
19,161
19,161
19,162
19,162
19,162
19,163
19,163
19,163
19,164
19,164
19,164
19,165
19,165
19,165
19,166
19,166
19,166
19,167
19,167
19,167
19,168
19,168
19,168
19,169
19,169
19,169
19,170
19,170
19,170
19,171
19,171
19,171
19,172
19,172
19,172
19,173
19,173
19,173
19,174
19,174
19,174
19,175
19,175
19,175
19,176
19,176
19,176
19,177
19,177
19,177
19,178
19,178
19,178
19,179
19,179
19,179
19,180
19,180
19,180
19,181
19,181
19,181
19,182
19,182
19,182
19,183
19,183
19,183
19,184
19,184
19,184
19,185
19,185
19,185
19,186
19,186
19,186
19,187
19,187
19,187
19,188
19,188
19,188
19,189
19,189
19,189
19,190
19,190
19,190
19,191
19,191
19,191
19,192
19,192
19,192
19,193
19,193
19,193
19,194
19,194
19,194
19,195
19,195
19,195
19,196
19,196
19,196
19,197
19,197
19,197
19,198
19,198
19,198
19,199
19,199
19,199
19,200
19,200
19,200
19,201
19,201
19,201
19,202
19,202
19,202
19,203
19,203
19,203
19,204
19,204
19,204
19,205
19,205
19,205
19,206
19,206
19,206
19,207
19,207
19,207
19,208
19,208
19,208
19,209
19,209
19,209
19,210
19,210
19,210
19,211
19,211
19,211
19,212
19,212
19,212
19,213
19,213
19,213
19,214
19,214
19,214
19,215
19,215
19,215
19,216
19,216
19,216
20,16
20,16
20,16
20,17
20,17
20,17
20,18
20,18
20,18
20,19
20,19
20,19
20,20
20,20
20,20
20,21
20,21
20,21
20,22
20,22
20,22
20,23
20,23
20,23
20,24
20,24
20,24
20,25
20,25
20,25
20,26
20,26
20,26
20,27
20,27
20,27
20,28
20,28
20,28
20,29
20,29
20,29
20,30
20,30
20,30
20,31
20,31
20,31
20,32
20,32
20,32
20,33
20,33
20,33
20,34
20,34
20,34
20,35
20,35
20,35
20,36
20,36
20,36
20,37
20,37
20,37
20,38
20,38
20,38
20,39
20,39
20,39
20,40
20,40
20,40
20,41
20,41
20,41
20,42
20,42
20,42
20,43
20,43
20,43
20,44
20,44
20,44
20,45
20,45
20,45
20,46
20,46
20,46
20,47
20,47
20,47
20,48
20,48
20,48
20,49
20,49
20,49
20,50
20,50
20,50
20,51
20,51
20,51
20,52
20,52
20,52
20,53
20,53
20,53
20,54
20,54
20,54
20,55
20,55
20,55
20,56
20,56
20,56
20,57
20,57
20,57
20,58
20,58
20,58
20,59
20,59
20,59
20,60
20,60
20,60
20,61
20,61
20,61
20,62
20,62
20,62
20,63
20,63
20,63
20,64
20,64
20,64
20,65
20,65
20,65
20,66
20,66
20,66
20,67
20,67
20,67
20,68
20,68
20,68
20,69
20,69
20,69
20,70
20,70
20,70
20,71
20,71
20,71
20,72
20,72
20,72
20,73
20,73
20,73
20,74
20,74
20,74
20,75
20,75
20,75
20,76
20,76
20,76
20,77
20,77
20,77
20,78
20,78
20,78
20,79
20,79
20,79
20,80
20,80
20,80
20,81
20,81
20,81
20,82
20,82
20,82
20,83
20,83
20,83
20,84
20,84
20,84
20,85
20,85
20,85
20,86
20,86
20,86
20,87
20,87
20,87
20,88
20,88
20,88
20,89
20,89
20,89
20,90
20,90
20,90
20,91
20,91
20,91
20,92
20,92
20,92
20,93
20,93
20,93
20,94
20,94
20,94
20,95
20,95
20,95
20,96
20,96
20,96
20,97
20,97
20,97
20,98
20,98
20,98
20,99
20,99
20,99
20,100
20,100
20,100
20,101
20,101
20,101
20,102
20,102
20,102
20,103
20,103
20,103
20,104
20,104
20,104
20,105
20,105
20,105
20,106
20,106
20,106
20,107
20,107
20,107
20,108
20,108
20,108
20,109
20,109
20,109
20,110
20,110
20,110
20,111
20,111
20,111
20,112
20,112
20,112
20,113
20,113
20,113
20,114
20,114
20,114
20,115
20,115
20,115
20,116
20,116
20,116
20,117
20,117
20,117
20,118
20,118
20,118
20,119
20,119
20,119
20,120
20,120
20,120
20,121
20,121
20,121
20,122
20,122
20,122
20,123
20,123
20,123
20,124
20,124
20,124
20,125
20,125
20,125
20,126
20,126
20,126
20,127
20,127
20,127
20,128
20,128
20,128
20,129
20,129
20,129
20,130
20,130
20,130
20,131
20,131
20,131
20,132
20,132
20,132
20,133
20,133
20,133
20,134
20,134
20,134
20,135
20,135
20,135
20,136
20,136
20,136
20,137
20,137
20,137
20,138
20,138
20,138
20,139
20,139
20,139
20,140
20,140
20,140
20,141
20,141
20,141
20,142
20,142
20,142
20,143
20,143
20,143
20,144
20,144
20,144
20,145
20,145
20,145
20,146
20,146
20,146
20,147
20,147
20,147
20,148
20,148
20,148
20,149
20,149
20,149
20,150
20,150
20,150
20,151
20,151
20,151
20,152
20,152
20,152
20,153
20,153
20,153
20,154
20,154
20,154
20,155
20,155
20,155
20,156
20,156
20,156
20,157
20,157
20,157
20,158
20,158
20,158
20,159
20,159
20,159
20,160
20,160
20,160
20,161
20,161
20,161
20,162
20,162
20,162
20,163
20,163
20,163
20,164
20,164
20,164
20,165
20,165
20,165
20,166
20,166
20,166
20,167
20,167
20,167
20,168
20,168
20,168
20,169
20,169
20,169
20,170
20,170
20,170
20,171
20,171
20,171
20,172
20,172
20,172
20,173
20,173
20,173
20,174
20,174
20,174
20,175
20,175
20,175
20,176
20,176
20,176
20,177
20,177
20,177
20,178
20,178
20,178
20,179
20,179
20,179
20,180
20,180
20,180
20,181
20,181
20,181
20,182
20,182
20,182
20,183
20,183
20,183
20,184
20,184
20,184
20,185
20,185
20,185
20,186
20,186
20,186
20,187
20,187
20,187
20,188
20,188
20,188
20,189
20,189
20,189
20,190
20,190
20,190
20,191
20,191
20,191
20,192
20,192
20,192
20,193
20,193
20,193
20,194
20,194
20,194
20,195
20,195
20,195
20,196
20,196
20,196
20,197
20,197
20,197
20,198
20,198
20,198
20,199
20,199
20,199
20,200
20,200
20,200
20,201
20,201
20,201
20,202
20,202
20,202
20,203
20,203
20,203
20,204
20,204
20,204
20,205
20,205
20,205
20,206
20,206
20,206
20,207
20,207
20,207
20,208
20,208
20,208
20,209
20,209
20,209
20,210
20,210
20,210
20,211
20,211
20,211
20,212
20,212
20,212
20,213
20,213
20,213
20,214
20,214
20,214
20,215
20,215
20,215
20,216
20,216
20,216
21,16
21,16
21,16
21,17
21,17
21,17
21,18
21,18
21,18
21,19
21,19
21,19
21,20
21,20
21,20
21,21
21,21
21,21
21,22
21,22
21,22
21,23
21,23
21,23
21,24
21,24
21,24
21,25
21,25
21,25
21,26
21,26
21,26
21,27
21,27
21,27
21,28
21,28
21,28
21,29
21,29
21,29
21,30
21,30
21,30
21,31
21,31
21,31
21,32
21,32
21,32
21,33
21,33
21,33
21,34
21,34
21,34
21,35
21,35
21,35
21,36
21,36
21,36
21,37
21,37
21,37
21,38
21,38
21,38
21,39
21,39
21,39
21,40
21,40
21,40
21,41
21,41
21,41
21,42
21,42
21,42
21,43
21,43
21,43
21,44
21,44
21,44
21,45
21,45
21,45
21,46
21,46
21,46
21,47
21,47
21,47
21,48
21,48
21,48
21,49
21,49
21,49
21,50
21,50
21,50
21,51
21,51
21,51
21,52
21,52
21,52
21,53
21,53
21,53
21,54
21,54
21,54
21,55
21,55
21,55
21,56
21,56
21,56
21,57
21,57
21,57
21,58
21,58
21,58
21,59
21,59
21,59
21,60
21,60
21,60
21,61
21,61
21,61
21,62
21,62
21,62
21,63
21,63
21,63
21,64
21,64
21,64
21,65
21,65
21,65
21,66
21,66
21,66
21,67
21,67
21,67
21,68
21,68
21,68
21,69
21,69
21,69
21,70
21,70
21,70
21,71
21,71
21,71
21,72
21,72
21,72
21,73
21,73
21,73
21,74
21,74
21,74
21,75
21,75
21,75
21,76
21,76
21,76
21,77
21,77
21,77
21,78
21,78
21,78
21,79
21,79
21,79
21,80
21,80
21,80
21,81
21,81
21,81
21,82
21,82
21,82
21,83
21,83
21,83
21,84
21,84
21,84
21,85
21,85
21,85
21,86
21,86
21,86
21,87
21,87
21,87
21,88
21,88
21,88
21,89
21,89
21,89
21,90
21,90
21,90
21,91
21,91
21,91
21,92
21,92
21,92
21,93
21,93
21,93
21,94
21,94
21,94
21,95
21,95
21,95
21,96
21,96
21,96
21,97
21,97
21,97
21,98
21,98
21,98
21,99
21,99
21,99
21,100
21,100
21,100
21,101
21,101
21,101
21,102
21,102
21,102
21,103
21,103
21,103
21,104
21,104
21,104
21,105
21,105
21,105
21,106
21,106
21,106
21,107
21,107
21,107
21,108
21,108
21,108
21,109
21,109
21,109
21,110
21,110
21,110
21,111
21,111
21,111
21,112
21,112
21,112
21,113
21,113
21,113
21,114
21,114
21,114
21,115
21,115
21,115
21,116
21,116
21,116
21,117
21,117
21,117
21,118
21,118
21,118
21,119
21,119
21,119
21,120
21,120
21,120
21,121
21,121
21,121
21,122
21,122
21,122
21,123
21,123
21,123
21,124
21,124
21,124
21,125
21,125
21,125
21,126
21,126
21,126
21,127
21,127
21,127
21,128
21,128
21,128
21,129
21,129
21,129
21,130
21,130
21,130
21,131
21,131
21,131
21,132
21,132
21,132
21,133
21,133
21,133
21,134
21,134
21,134
21,135
21,135
21,135
21,136
21,136
21,136
21,137
21,137
21,137
21,138
21,138
21,138
21,139
21,139
21,139
21,140
21,140
21,140
21,141
21,141
21,141
21,142
21,142
21,142
21,143
21,143
21,143
21,144
21,144
21,144
21,145
21,145
21,145
21,146
21,146
21,146
21,147
21,147
21,147
21,148
21,148
21,148
21,149
21,149
21,149
21,150
21,150
21,150
21,151
21,151
21,151
21,152
21,152
21,152
21,153
21,153
21,153
21,154
21,154
21,154
21,155
21,155
21,155
21,156
21,156
21,156
21,157
21,157
21,157
21,158
21,158
21,158
21,159
21,159
21,159
21,160
21,160
21,160
21,161
21,161
21,161
21,162
21,162
21,162
21,163
21,163
21,163
21,164
21,164
21,164
21,165
21,165
21,165
21,166
21,166
21,166
21,167
21,167
21,167
21,168
21,168
21,168
21,169
21,169
21,169
21,170
21,170
21,170
21,171
21,171
21,171
21,172
21,172
21,172
21,173
21,173
21,173
21,174
21,174
21,174
21,175
21,175
21,175
21,176
21,176
21,176
21,177
21,177
21,177
21,178
21,178
21,178
21,179
21,179
21,179
21,180
21,180
21,180
21,181
21,181
21,181
21,182
21,182
21,182
21,183
21,183
21,183
21,184
21,184
21,184
21,185
21,185
21,185
21,186
21,186
21,186
21,187
21,187
21,187
21,188
21,188
21,188
21,189
21,189
21,189
21,190
21,190
21,190
21,191
21,191
21,191
21,192
21,192
21,192
21,193
21,193
21,193
21,194
21,194
21,194
21,195
21,195
21,195
21,196
21,196
21,196
21,197
21,197
21,197
21,198
21,198
21,198
21,199
21,199
21,199
21,200
21,200
21,200
21,201
21,201
21,201
21,202
21,202
21,202
21,203
21,203
21,203
21,204
21,204
21,204
21,205
21,205
21,205
21,206
21,206
21,206
21,207
21,207
21,207
21,208
21,208
21,208
21,209
21,209
21,209
21,210
21,210
21,210
21,211
21,211
21,211
21,212
21,212
21,212
21,213
21,213
21,213
21,214
21,214
21,214
21,215
21,215
21,215
21,216
21,216
21,216
22,16
22,16
22,16
22,17
22,17
22,17
22,18
22,18
22,18
22,19
22,19
22,19
22,20
22,20
22,20
22,21
22,21
22,21
22,22
22,22
22,22
22,23
22,23
22,23
22,24
22,24
22,24
22,25
22,25
22,25
22,26
22,26
22,26
22,27
22,27
22,27
22,28
22,28
22,28
22,29
22,29
22,29
22,30
22,30
22,30
22,31
22,31
22,31
22,32
22,32
22,32
22,33
22,33
22,33
22,34
22,34
22,34
22,35
22,35
22,35
22,36
22,36
22,36
22,37
22,37
22,37
22,38
22,38
22,38
22,39
22,39
22,39
22,40
22,40
22,40
22,41
22,41
22,41
22,42
22,42
22,42
22,43
22,43
22,43
22,44
22,44
22,44
22,45
22,45
22,45
22,46
22,46
22,46
22,47
22,47
22,47
22,48
22,48
22,48
22,49
22,49
22,49
22,50
22,50
22,50
22,51
22,51
22,51
22,52
22,52
22,52
22,53
22,53
22,53
22,54
22,54
22,54
22,55
22,55
22,55
22,56
22,56
22,56
22,57
22,57
22,57
22,58
22,58
22,58
22,59
22,59
22,59
22,60
22,60
22,60
22,61
22,61
22,61
22,62
22,62
22,62
22,63
22,63
22,63
22,64
22,64
22,64
22,65
22,65
22,65
22,66
22,66
22,66
22,67
22,67
22,67
22,68
22,68
22,68
22,69
22,69
22,69
22,70
22,70
22,70
22,71
22,71
22,71
22,72
22,72
22,72
22,73
22,73
22,73
22,74
22,74
22,74
22,75
22,75
22,75
22,76
22,76
22,76
22,77
22,77
22,77
22,78
22,78
22,78
22,79
22,79
22,79
22,80
22,80
22,80
22,81
22,81
22,81
22,82
22,82
22,82
22,83
22,83
22,83
22,84
22,84
22,84
22,85
22,85
22,85
22,86
22,86
22,86
22,87
22,87
22,87
22,88
22,88
22,88
22,89
22,89
22,89
22,90
22,90
22,90
22,91
22,91
22,91
22,92
22,92
22,92
22,93
22,93
22,93
22,94
22,94
22,94
22,95
22,95
22,95
22,96
22,96
22,96
22,97
22,97
22,97
22,98
22,98
22,98
22,99
22,99
22,99
22,100
22,100
22,100
22,101
22,101
22,101
22,102
22,102
22,102
22,103
22,103
22,103
22,104
22,104
22,104
22,105
22,105
22,105
22,106
22,106
22,106
22,107
22,107
22,107
22,108
22,108
22,108
22,109
22,109
22,109
22,110
22,110
22,110
22,111
22,111
22,111
22,112
22,112
22,112
22,113
22,113
22,113
22,114
22,114
22,114
22,115
22,115
22,115
22,116
22,116
22,116
22,117
22,117
22,117
22,118
22,118
22,118
22,119
22,119
22,119
22,120
22,120
22,120
22,121
22,121
22,121
22,122
22,122
22,122
22,123
22,123
22,123
22,124
22,124
22,124
22,125
22,125
22,125
22,126
22,126
22,126
22,127
22,127
22,127
22,128
22,128
22,128
22,129
22,129
22,129
22,130
22,130
22,130
22,131
22,131
22,131
22,132
22,132
22,132
22,133
22,133
22,133
22,134
22,134
22,134
22,135
22,135
22,135
22,136
22,136
22,136
22,137
22,137
22,137
22,138
22,138
22,138
22,139
22,139
22,139
22,140
22,140
22,140
22,141
22,141
22,141
22,142
22,142
22,142
22,143
22,143
22,143
22,144
22,144
22,144
22,145
22,145
22,145
22,146
22,146
22,146
22,147
22,147
22,147
22,148
22,148
22,148
22,149
22,149
22,149
22,150
22,150
22,150
22,151
22,151
22,151
22,152
22,152
22,152
22,153
22,153
22,153
22,154
22,154
22,154
22,155
22,155
22,155
22,156
22,156
22,156
22,157
22,157
22,157
22,158
22,158
22,158
22,159
22,159
22,159
22,160
22,160
22,160
22,161
22,161
22,161
22,162
22,162
22,162
22,163
22,163
22,163
22,164
22,164
22,164
22,165
22,165
22,165
22,166
22,166
22,166
22,167
22,167
22,167
22,168
22,168
22,168
22,169
22,169
22,169
22,170
22,170
22,170
22,171
22,171
22,171
22,172
22,172
22,172
22,173
22,173
22,173
22,174
22,174
22,174
22,175
22,175
22,175
22,176
22,176
22,176
22,177
22,177
22,177
22,178
22,178
22,178
22,179
22,179
22,179
22,180
22,180
22,180
22,181
22,181
22,181
22,182
22,182
22,182
22,183
22,183
22,183
22,184
22,184
22,184
22,185
22,185
22,185
22,186
22,186
22,186
22,187
22,187
22,187
22,188
22,188
22,188
22,189
22,189
22,189
22,190
22,190
22,190
22,191
22,191
22,191
22,192
22,192
22,192
22,193
22,193
22,193
22,194
22,194
22,194
22,195
22,195
22,195
22,196
22,196
22,196
22,197
22,197
22,197
22,198
22,198
22,198
22,199
22,199
22,199
22,200
22,200
22,200
22,201
22,201
22,201
22,202
22,202
22,202
22,203
22,203
22,203
22,204
22,204
22,204
22,205
22,205
22,205
22,206
22,206
22,206
22,207
22,207
22,207
22,208
22,208
22,208
22,209
22,209
22,209
22,210
22,210
22,210
22,211
22,211
22,211
22,212
22,212
22,212
22,213
22,213
22,213
22,214
22,214
22,214
22,215
22,215
22,215
22,216
22,216
22,216
23,16
23,16
23,16
23,17
23,17
23,17
23,18
23,18
23,18
23,19
23,19
23,19
23,20
23,20
23,20
23,21
23,21
23,21
23,22
23,22
23,22
23,23
23,23
23,23
23,24
23,24
23,24
23,25
23,25
23,25
23,26
23,26
23,26
23,27
23,27
23,27
23,28
23,28
23,28
23,29
23,29
23,29
23,30
23,30
23,30
23,31
23,31
23,31
23,32
23,32
23,32
23,33
23,33
23,33
23,34
23,34
23,34
23,35
23,35
23,35
23,36
23,36
23,36
23,37
23,37
23,37
23,38
23,38
23,38
23,39
23,39
23,39
23,40
23,40
23,40
23,41
23,41
23,41
23,42
23,42
23,42
23,43
23,43
23,43
23,44
23,44
23,44
23,45
23,45
23,45
23,46
23,46
23,46
23,47
23,47
23,47
23,48
23,48
23,48
23,49
23,49
23,49
23,50
23,50
23,50
23,51
23,51
23,51
23,52
23,52
23,52
23,53
23,53
23,53
23,54
23,54
23,54
23,55
23,55
23,55
23,56
23,56
23,56
23,57
23,57
23,57
23,58
23,58
23,58
23,59
23,59
23,59
23,60
23,60
23,60
23,61
23,61
23,61
23,62
23,62
23,62
23,63
23,63
23,63
23,64
23,64
23,64
23,65
23,65
23,65
23,66
23,66
23,66
23,67
23,67
23,67
23,68
23,68
23,68
23,69
23,69
23,69
23,70
23,70
23,70
23,71
23,71
23,71
23,72
23,72
23,72
23,73
23,73
23,73
23,74
23,74
23,74
23,75
23,75
23,75
23,76
23,76
23,76
23,77
23,77
23,77
23,78
23,78
23,78
23,79
23,79
23,79
23,80
23,80
23,80
23,81
23,81
23,81
23,82
23,82
23,82
23,83
23,83
23,83
23,84
23,84
23,84
23,85
23,85
23,85
23,86
23,86
23,86
23,87
23,87
23,87
23,88
23,88
23,88
23,89
23,89
23,89
23,90
23,90
23,90
23,91
23,91
23,91
23,92
23,92
23,92
23,93
23,93
23,93
23,94
23,94
23,94
23,95
23,95
23,95
23,96
23,96
23,96
23,97
23,97
23,97
23,98
23,98
23,98
23,99
23,99
23,99
23,100
23,100
23,100
23,101
23,101
23,101
23,102
23,102
23,102
23,103
23,103
23,103
23,104
23,104
23,104
23,105
23,105
23,105
23,106
23,106
23,106
23,107
23,107
23,107
23,108
23,108
23,108
23,109
23,109
23,109
23,110
23,110
23,110
23,111
23,111
23,111
23,112
23,112
23,112
23,113
23,113
23,113
23,114
23,114
23,114
23,115
23,115
23,115
23,116
23,116
23,116
23,117
23,117
23,117
23,118
23,118
23,118
23,119
23,119
23,119
23,120
23,120
23,120
23,121
23,121
23,121
23,122
23,122
23,122
23,123
23,123
23,123
23,124
23,124
23,124
23,125
23,125
23,125
23,126
23,126
23,126
23,127
23,127
23,127
23,128
23,128
23,128
23,129
23,129
23,129
23,130
23,130
23,130
23,131
23,131
23,131
23,132
23,132
23,132
23,133
23,133
23,133
23,134
23,134
23,134
23,135
23,135
23,135
23,136
23,136
23,136
23,137
23,137
23,137
23,138
23,138
23,138
23,139
23,139
23,139
23,140
23,140
23,140
23,141
23,141
23,141
23,142
23,142
23,142
23,143
23,143
23,143
23,144
23,144
23,144
23,145
23,145
23,145
23,146
23,146
23,146
23,147
23,147
23,147
23,148
23,148
23,148
23,149
23,149
23,149
23,150
23,150
23,150
23,151
23,151
23,151
23,152
23,152
23,152
23,153
23,153
23,153
23,154
23,154
23,154
23,155
23,155
23,155
23,156
23,156
23,156
23,157
23,157
23,157
23,158
23,158
23,158
23,159
23,159
23,159
23,160
23,160
23,160
23,161
23,161
23,161
23,162
23,162
23,162
23,163
23,163
23,163
23,164
23,164
23,164
23,165
23,165
23,165
23,166
23,166
23,166
23,167
23,167
23,167
23,168
23,168
23,168
23,169
23,169
23,169
23,170
23,170
23,170
23,171
23,171
23,171
23,172
23,172
23,172
23,173
23,173
23,173
23,174
23,174
23,174
23,175
23,175
23,175
23,176
23,176
23,176
23,177
23,177
23,177
23,178
23,178
23,178
23,179
23,179
23,179
23,180
23,180
23,180
23,181
23,181
23,181
23,182
23,182
23,182
23,183
23,183
23,183
23,184
23,184
23,184
23,185
23,185
23,185
23,186
23,186
23,186
23,187
23,187
23,187
23,188
23,188
23,188
23,189
23,189
23,189
23,190
23,190
23,190
23,191
23,191
23,191
23,192
23,192
23,192
23,193
23,193
23,193
23,194
23,194
23,194
23,195
23,195
23,195
23,196
23,196
23,196
23,197
23,197
23,197
23,198
23,198
23,198
23,199
23,199
23,199
23,200
23,200
23,200
23,201
23,201
23,201
23,202
23,202
23,202
23,203
23,203
23,203
23,204
23,204
23,204
23,205
23,205
23,205
23,206
23,206
23,206
23,207
23,207
23,207
23,208
23,208
23,208
23,209
23,209
23,209
23,210
23,210
23,210
23,211
23,211
23,211
23,212
23,212
23,212
23,213
23,213
23,213
23,214
23,214
23,214
23,215
23,215
23,215
23,216
23,216
23,216
24,16
24,16
24,16
24,17
24,17
24,17
24,18
24,18
24,18
24,19
24,19
24,19
24,20
24,20
24,20
24,21
24,21
24,21
24,22
24,22
24,22
24,23
24,23
24,23
24,24
24,24
24,24
24,25
24,25
24,25
24,26
24,26
24,26
24,27
24,27
24,27
24,28
24,28
24,28
24,29
24,29
24,29
24,30
24,30
24,30
24,31
24,31
24,31
24,32
24,32
24,32
24,33
24,33
24,33
24,34
24,34
24,34
24,35
24,35
24,35
24,36
24,36
24,36
24,37
24,37
24,37
24,38
24,38
24,38
24,39
24,39
24,39
24,40
24,40
24,40
24,41
24,41
24,41
24,42
24,42
24,42
24,43
24,43
24,43
24,44
24,44
24,44
24,45
24,45
24,45
24,46
24,46
24,46
24,47
24,47
24,47
24,48
24,48
24,48
24,49
24,49
24,49
24,50
24,50
24,50
24,51
24,51
24,51
24,52
24,52
24,52
24,53
24,53
24,53
24,54
24,54
24,54
24,55
24,55
24,55
24,56
24,56
24,56
24,57
24,57
24,57
24,58
24,58
24,58
24,59
24,59
24,59
24,60
24,60
24,60
24,61
24,61
24,61
24,62
24,62
24,62
24,63
24,63
24,63
24,64
24,64
24,64
24,65
24,65
24,65
24,66
24,66
24,66
24,67
24,67
24,67
24,68
24,68
24,68
24,69
24,69
24,69
24,70
24,70
24,70
24,71
24,71
24,71
24,72
24,72
24,72
24,73
24,73
24,73
24,74
24,74
24,74
24,75
24,75
24,75
24,76
24,76
24,76
24,77
24,77
24,77
24,78
24,78
24,78
24,79
24,79
24,79
24,80
24,80
24,80
24,81
24,81
24,81
24,82
24,82
24,82
24,83
24,83
24,83
24,84
24,84
24,84
24,85
24,85
24,85
24,86
24,86
24,86
24,87
24,87
24,87
24,88
24,88
24,88
24,89
24,89
24,89
24,90
24,90
24,90
24,91
24,91
24,91
24,92
24,92
24,92
24,93
24,93
24,93
24,94
24,94
24,94
24,95
24,95
24,95
24,96
24,96
24,96
24,97
24,97
24,97
24,98
24,98
24,98
24,99
24,99
24,99
24,100
24,100
24,100
24,101
24,101
24,101
24,102
24,102
24,102
24,103
24,103
24,103
24,104
24,104
24,104
24,105
24,105
24,105
24,106
24,106
24,106
24,107
24,107
24,107
24,108
24,108
24,108
24,109
24,109
24,109
24,110
24,110
24,110
24,111
24,111
24,111
24,112
24,112
24,112
24,113
24,113
24,113
24,114
24,114
24,114
24,115
24,115
24,115
24,116
24,116
24,116
24,117
24,117
24,117
24,118
24,118
24,118
24,119
24,119
24,119
24,120
24,120
24,120
24,121
24,121
24,121
24,122
24,122
24,122
24,123
24,123
24,123
24,124
24,124
24,124
24,125
24,125
24,125
24,126
24,126
24,126
24,127
24,127
24,127
24,128
24,128
24,128
24,129
24,129
24,129
24,130
24,130
24,130
24,131
24,131
24,131
24,132
24,132
24,132
24,133
24,133
24,133
24,134
24,134
24,134
24,135
24,135
24,135
24,136
24,136
24,136
24,137
24,137
24,137
24,138
24,138
24,138
24,139
24,139
24,139
24,140
24,140
24,140
24,141
24,141
24,141
24,142
24,142
24,142
24,143
24,143
24,143
24,144
24,144
24,144
24,145
24,145
24,145
24,146
24,146
24,146
24,147
24,147
24,147
24,148
24,148
24,148
24,149
24,149
24,149
24,150
24,150
24,150
24,151
24,151
24,151
24,152
24,152
24,152
24,153
24,153
24,153
24,154
24,154
24,154
24,155
24,155
24,155
24,156
24,156
24,156
24,157
24,157
24,157
24,158
24,158
24,158
24,159
24,159
24,159
24,160
24,160
24,160
24,161
24,161
24,161
24,162
24,162
24,162
24,163
24,163
24,163
24,164
24,164
24,164
24,165
24,165
24,165
24,166
24,166
24,166
24,167
24,167
24,167
24,168
24,168
24,168
24,169
24,169
24,169
24,170
24,170
24,170
24,171
24,171
24,171
24,172
24,172
24,172
24,173
24,173
24,173
24,174
24,174
24,174
24,175
24,175
24,175
24,176
24,176
24,176
24,177
24,177
24,177
24,178
24,178
24,178
24,179
24,179
24,179
24,180
24,180
24,180
24,181
24,181
24,181
24,182
24,182
24,182
24,183
24,183
24,183
24,184
24,184
24,184
24,185
24,185
24,185
24,186
24,186
24,186
24,187
24,187
24,187
24,188
24,188
24,188
24,189
24,189
24,189
24,190
24,190
24,190
24,191
24,191
24,191
24,192
24,192
24,192
24,193
24,193
24,193
24,194
24,194
24,194
24,195
24,195
24,195
24,196
24,196
24,196
24,197
24,197
24,197
24,198
24,198
24,198
24,199
24,199
24,199
24,200
24,200
24,200
24,201
24,201
24,201
24,202
24,202
24,202
24,203
24,203
24,203
24,204
24,204
24,204
24,205
24,205
24,205
24,206
24,206
24,206
24,207
24,207
24,207
24,208
24,208
24,208
24,209
24,209
24,209
24,210
24,210
24,210
24,211
24,211
24,211
24,212
24,212
24,212
24,213
24,213
24,213
24,214
24,214
24,214
24,215
24,215
24,215
24,216
24,216
24,216
25,16
25,16
25,16
25,17
25,17
25,17
25,18
25,18
25,18
25,19
25,19
25,19
25,20
25,20
25,20
25,21
25,21
25,21
25,22
25,22
25,22
25,23
25,23
25,23
25,24
25,24
25,24
25,25
25,25
25,25
25,26
25,26
25,26
25,27
25,27
25,27
25,28
25,28
25,28
25,29
25,29
25,29
25,30
25,30
25,30
25,31
25,31
25,31
25,32
25,32
25,32
25,33
25,33
25,33
25,34
25,34
25,34
25,35
25,35
25,35
25,36
25,36
25,36
25,37
25,37
25,37
25,38
25,38
25,38
25,39
25,39
25,39
25,40
25,40
25,40
25,41
25,41
25,41
25,42
25,42
25,42
25,43
25,43
25,43
25,44
25,44
25,44
25,45
25,45
25,45
25,46
25,46
25,46
25,47
25,47
25,47
25,48
25,48
25,48
25,49
25,49
25,49
25,50
25,50
25,50
25,51
25,51
25,51
25,52
25,52
25,52
25,53
25,53
25,53
25,54
25,54
25,54
25,55
25,55
25,55
25,56
25,56
25,56
25,57
25,57
25,57
25,58
25,58
25,58
25,59
25,59
25,59
25,60
25,60
25,60
25,61
25,61
25,61
25,62
25,62
25,62
25,63
25,63
25,63
25,64
25,64
25,64
25,65
25,65
25,65
25,66
25,66
25,66
25,67
25,67
25,67
25,68
25,68
25,68
25,69
25,69
25,69
25,70
25,70
25,70
25,71
25,71
25,71
25,72
25,72
25,72
25,73
25,73
25,73
25,74
25,74
25,74
25,75
25,75
25,75
25,76
25,76
25,76
25,77
25,77
25,77
25,78
25,78
25,78
25,79
25,79
25,79
25,80
25,80
25,80
25,81
25,81
25,81
25,82
25,82
25,82
25,83
25,83
25,83
25,84
25,84
25,84
25,85
25,85
25,85
25,86
25,86
25,86
25,87
25,87
25,87
25,88
25,88
25,88
25,89
25,89
25,89
25,90
25,90
25,90
25,91
25,91
25,91
25,92
25,92
25,92
25,93
25,93
25,93
25,94
25,94
25,94
25,95
25,95
25,95
25,96
25,96
25,96
25,97
25,97
25,97
25,98
25,98
25,98
25,99
25,99
25,99
25,100
25,100
25,100
25,101
25,101
25,101
25,102
25,102
25,102
25,103
25,103
25,103
25,104
25,104
25,104
25,105
25,105
25,105
25,106
25,106
25,106
25,107
25,107
25,107
25,108
25,108
25,108
25,109
25,109
25,109
25,110
25,110
25,110
25,111
25,111
25,111
25,112
25,112
25,112
25,113
25,113
25,113
25,114
25,114
25,114
25,115
25,115
25,115
25,116
25,116
25,116
25,117
25,117
25,117
25,118
25,118
25,118
25,119
25,119
25,119
25,120
25,120
25,120
25,121
25,121
25,121
25,122
25,122
25,122
25,123
25,123
25,123
25,124
25,124
25,124
25,125
25,125
25,125
25,126
25,126
25,126
25,127
25,127
25,127
25,128
25,128
25,128
25,129
25,129
25,129
25,130
25,130
25,130
25,131
25,131
25,131
25,132
25,132
25,132
25,133
25,133
25,133
25,134
25,134
25,134
25,135
25,135
25,135
25,136
25,136
25,136
25,137
25,137
25,137
25,138
25,138
25,138
25,139
25,139
25,139
25,140
25,140
25,140
25,141
25,141
25,141
25,142
25,142
25,142
25,143
25,143
25,143
25,144
25,144
25,144
25,145
25,145
25,145
25,146
25,146
25,146
25,147
25,147
25,147
25,148
25,148
25,148
25,149
25,149
25,149
25,150
25,150
25,150
25,151
25,151
25,151
25,152
25,152
25,152
25,153
25,153
25,153
25,154
25,154
25,154
25,155
25,155
25,155
25,156
25,156
25,156
25,157
25,157
25,157
25,158
25,158
25,158
25,159
25,159
25,159
25,160
25,160
25,160
25,161
25,161
25,161
25,162
25,162
25,162
25,163
25,163
25,163
25,164
25,164
25,164
25,165
25,165
25,165
25,166
25,166
25,166
25,167
25,167
25,167
25,168
25,168
25,168
25,169
25,169
25,169
25,170
25,170
25,170
25,171
25,171
25,171
25,172
25,172
25,172
25,173
25,173
25,173
25,174
25,174
25,174
25,175
25,175
25,175
25,176
25,176
25,176
25,177
25,177
25,177
25,178
25,178
25,178
25,179
25,179
25,179
25,180
25,180
25,180
25,181
25,181
25,181
25,182
25,182
25,182
25,183
25,183
25,183
25,184
25,184
25,184
25,185
25,185
25,185
25,186
25,186
25,186
25,187
25,187
25,187
25,188
25,188
25,188
25,189
25,189
25,189
25,190
25,190
25,190
25,191
25,191
25,191
25,192
25,192
25,192
25,193
25,193
25,193
25,194
25,194
25,194
25,195
25,195
25,195
25,196
25,196
25,196
25,197
25,197
25,197
25,198
25,198
25,198
25,199
25,199
25,199
25,200
25,200
25,200
25,201
25,201
25,201
25,202
25,202
25,202
25,203
25,203
25,203
25,204
25,204
25,204
25,205
25,205
25,205
25,206
25,206
25,206
25,207
25,207
25,207
25,208
25,208
25,208
25,209
25,209
25,209
25,210
25,210
25,210
25,211
25,211
25,211
25,212
25,212
25,212
25,213
25,213
25,213
25,214
25,214
25,214
25,215
25,215
25,215
25,216
25,216
25,216
26,16
26,16
26,16
26,17
26,17
26,17
26,18
26,18
26,18
26,19
26,19
26,19
26,20
26,20
26,20
26,21
26,21
26,21
26,22
26,22
26,22
26,23
26,23
26,23
26,24
26,24
26,24
26,25
26,25
26,25
26,26
26,26
26,26
26,27
26,27
26,27
26,28
26,28
26,28
26,29
26,29
26,29
26,30
26,30
26,30
26,31
26,31
26,31
26,32
26,32
26,32
26,33
26,33
26,33
26,34
26,34
26,34
26,35
26,35
26,35
26,36
26,36
26,36
26,37
26,37
26,37
26,38
26,38
26,38
26,39
26,39
26,39
26,40
26,40
26,40
26,41
26,41
26,41
26,42
26,42
26,42
26,43
26,43
26,43
26,44
26,44
26,44
26,45
26,45
26,45
26,46
26,46
26,46
26,47
26,47
26,47
26,48
26,48
26,48
26,49
26,49
26,49
26,50
26,50
26,50
26,51
26,51
26,51
26,52
26,52
26,52
26,53
26,53
26,53
26,54
26,54
26,54
26,55
26,55
26,55
26,56
26,56
26,56
26,57
26,57
26,57
26,58
26,58
26,58
26,59
26,59
26,59
26,60
26,60
26,60
26,61
26,61
26,61
26,62
26,62
26,62
26,63
26,63
26,63
26,64
26,64
26,64
26,65
26,65
26,65
26,66
26,66
26,66
26,67
26,67
26,67
26,68
26,68
26,68
26,69
26,69
26,69
26,70
26,70
26,70
26,71
26,71
26,71
26,72
26,72
26,72
26,73
26,73
26,73
26,74
26,74
26,74
26,75
26,75
26,75
26,76
26,76
26,76
26,77
26,77
26,77
26,78
26,78
26,78
26,79
26,79
26,79
26,80
26,80
26,80
26,81
26,81
26,81
26,82
26,82
26,82
26,83
26,83
26,83
26,84
26,84
26,84
26,85
26,85
26,85
26,86
26,86
26,86
26,87
26,87
26,87
26,88
26,88
26,88
26,89
26,89
26,89
26,90
26,90
26,90
26,91
26,91
26,91
26,92
26,92
26,92
26,93
26,93
26,93
26,94
26,94
26,94
26,95
26,95
26,95
26,96
26,96
26,96
26,97
26,97
26,97
26,98
26,98
26,98
26,99
26,99
26,99
26,100
26,100
26,100
26,101
26,101
26,101
26,102
26,102
26,102
26,103
26,103
26,103
26,104
26,104
26,104
26,105
26,105
26,105
26,106
26,106
26,106
26,107
26,107
26,107
26,108
26,108
26,108
26,109
26,109
26,109
26,110
26,110
26,110
26,111
26,111
26,111
26,112
26,112
26,112
26,113
26,113
26,113
26,114
26,114
26,114
26,115
26,115
26,115
26,116
26,116
26,116
26,117
26,117
26,117
26,118
26,118
26,118
26,119
26,119
26,119
26,120
26,120
26,120
26,121
26,121
26,121
26,122
26,122
26,122
26,123
26,123
26,123
26,124
26,124
26,124
26,125
26,125
26,125
26,126
26,126
26,126
26,127
26,127
26,127
26,128
26,128
26,128
26,129
26,129
26,129
26,130
26,130
26,130
26,131
26,131
26,131
26,132
26,132
26,132
26,133
26,133
26,133
26,134
26,134
26,134
26,135
26,135
26,135
26,136
26,136
26,136
26,137
26,137
26,137
26,138
26,138
26,138
26,139
26,139
26,139
26,140
26,140
26,140
26,141
26,141
26,141
26,142
26,142
26,142
26,143
26,143
26,143
26,144
26,144
26,144
26,145
26,145
26,145
26,146
26,146
26,146
26,147
26,147
26,147
26,148
26,148
26,148
26,149
26,149
26,149
26,150
26,150
26,150
26,151
26,151
26,151
26,152
26,152
26,152
26,153
26,153
26,153
26,154
26,154
26,154
26,155
26,155
26,155
26,156
26,156
26,156
26,157
26,157
26,157
26,158
26,158
26,158
26,159
26,159
26,159
26,160
26,160
26,160
26,161
26,161
26,161
26,162
26,162
26,162
26,163
26,163
26,163
26,164
26,164
26,164
26,165
26,165
26,165
26,166
26,166
26,166
26,167
26,167
26,167
26,168
26,168
26,168
26,169
26,169
26,169
26,170
26,170
26,170
26,171
26,171
26,171
26,172
26,172
26,172
26,173
26,173
26,173
26,174
26,174
26,174
26,175
26,175
26,175
26,176
26,176
26,176
26,177
26,177
26,177
26,178
26,178
26,178
26,179
26,179
26,179
26,180
26,180
26,180
26,181
26,181
26,181
26,182
26,182
26,182
26,183
26,183
26,183
26,184
26,184
26,184
26,185
26,185
26,185
26,186
26,186
26,186
26,187
26,187
26,187
26,188
26,188
26,188
26,189
26,189
26,189
26,190
26,190
26,190
26,191
26,191
26,191
26,192
26,192
26,192
26,193
26,193
26,193
26,194
26,194
26,194
26,195
26,195
26,195
26,196
26,196
26,196
26,197
26,197
26,197
26,198
26,198
26,198
26,199
26,199
26,199
26,200
26,200
26,200
26,201
26,201
26,201
26,202
26,202
26,202
26,203
26,203
26,203
26,204
26,204
26,204
26,205
26,205
26,205
26,206
26,206
26,206
26,207
26,207
26,207
26,208
26,208
26,208
26,209
26,209
26,209
26,210
26,210
26,210
26,211
26,211
26,211
26,212
26,212
26,212
26,213
26,213
26,213
26,214
26,214
26,214
26,215
26,215
26,215
26,216
26,216
26,216
27,16
27,16
27,16
27,17
27,17
27,17
27,18
27,18
27,18
27,19
27,19
27,19
27,20
27,20
27,20
27,21
27,21
27,21
27,22
27,22
27,22
27,23
27,23
27,23
27,24
27,24
27,24
27,25
27,25
27,25
27,26
27,26
27,26
27,27
27,27
27,27
27,28
27,28
27,28
27,29
27,29
27,29
27,30
27,30
27,30
27,31
27,31
27,31
27,32
27,32
27,32
27,33
27,33
27,33
27,34
27,34
27,34
27,35
27,35
27,35
27,36
27,36
27,36
27,37
27,37
27,37
27,38
27,38
27,38
27,39
27,39
27,39
27,40
27,40
27,40
27,41
27,41
27,41
27,42
27,42
27,42
27,43
27,43
27,43
27,44
27,44
27,44
27,45
27,45
27,45
27,46
27,46
27,46
27,47
27,47
27,47
27,48
27,48
27,48
27,49
27,49
27,49
27,50
27,50
27,50
27,51
27,51
27,51
27,52
27,52
27,52
27,53
27,53
27,53
27,54
27,54
27,54
27,55
27,55
27,55
27,56
27,56
27,56
27,57
27,57
27,57
27,58
27,58
27,58
27,59
27,59
27,59
27,60
27,60
27,60
27,61
27,61
27,61
27,62
27,62
27,62
27,63
27,63
27,63
27,64
27,64
27,64
27,65
27,65
27,65
27,66
27,66
27,66
27,67
27,67
27,67
27,68
27,68
27,68
27,69
27,69
27,69
27,70
27,70
27,70
27,71
27,71
27,71
27,72
27,72
27,72
27,73
27,73
27,73
27,74
27,74
27,74
27,75
27,75
27,75
27,76
27,76
27,76
27,77
27,77
27,77
27,78
27,78
27,78
27,79
27,79
27,79
27,80
27,80
27,80
27,81
27,81
27,81
27,82
27,82
27,82
27,83
27,83
27,83
27,84
27,84
27,84
27,85
27,85
27,85
27,86
27,86
27,86
27,87
27,87
27,87
27,88
27,88
27,88
27,89
27,89
27,89
27,90
27,90
27,90
27,91
27,91
27,91
27,92
27,92
27,92
27,93
27,93
27,93
27,94
27,94
27,94
27,95
27,95
27,95
27,96
27,96
27,96
27,97
27,97
27,97
27,98
27,98
27,98
27,99
27,99
27,99
27,100
27,100
27,100
27,101
27,101
27,101
27,102
27,102
27,102
27,103
27,103
27,103
27,104
27,104
27,104
27,105
27,105
27,105
27,106
27,106
27,106
27,107
27,107
27,107
27,108
27,108
27,108
27,109
27,109
27,109
27,110
27,110
27,110
27,111
27,111
27,111
27,112
27,112
27,112
27,113
27,113
27,113
27,114
27,114
27,114
27,115
27,115
27,115
27,116
27,116
27,116
27,117
27,117
27,117
27,118
27,118
27,118
27,119
27,119
27,119
27,120
27,120
27,120
27,121
27,121
27,121
27,122
27,122
27,122
27,123
27,123
27,123
27,124
27,124
27,124
27,125
27,125
27,125
27,126
27,126
27,126
27,127
27,127
27,127
27,128
27,128
27,128
27,129
27,129
27,129
27,130
27,130
27,130
27,131
27,131
27,131
27,132
27,132
27,132
27,133
27,133
27,133
27,134
27,134
27,134
27,135
27,135
27,135
27,136
27,136
27,136
27,137
27,137
27,137
27,138
27,138
27,138
27,139
27,139
27,139
27,140
27,140
27,140
27,141
27,141
27,141
27,142
27,142
27,142
27,143
27,143
27,143
27,144
27,144
27,144
27,145
27,145
27,145
27,146
27,146
27,146
27,147
27,147
27,147
27,148
27,148
27,148
27,149
27,149
27,149
27,150
27,150
27,150
27,151
27,151
27,151
27,152
27,152
27,152
27,153
27,153
27,153
27,154
27,154
27,154
27,155
27,155
27,155
27,156
27,156
27,156
27,157
27,157
27,157
27,158
27,158
27,158
27,159
27,159
27,159
27,160
27,160
27,160
27,161
27,161
27,161
27,162
27,162
27,162
27,163
27,163
27,163
27,164
27,164
27,164
27,165
27,165
27,165
27,166
27,166
27,166
27,167
27,167
27,167
27,168
27,168
27,168
27,169
27,169
27,169
27,170
27,170
27,170
27,171
27,171
27,171
27,172
27,172
27,172
27,173
27,173
27,173
27,174
27,174
27,174
27,175
27,175
27,175
27,176
27,176
27,176
27,177
27,177
27,177
27,178
27,178
27,178
27,179
27,179
27,179
27,180
27,180
27,180
27,181
27,181
27,181
27,182
27,182
27,182
27,183
27,183
27,183
27,184
27,184
27,184
27,185
27,185
27,185
27,186
27,186
27,186
27,187
27,187
27,187
27,188
27,188
27,188
27,189
27,189
27,189
27,190
27,190
27,190
27,191
27,191
27,191
27,192
27,192
27,192
27,193
27,193
27,193
27,194
27,194
27,194
27,195
27,195
27,195
27,196
27,196
27,196
27,197
27,197
27,197
27,198
27,198
27,198
27,199
27,199
27,199
27,200
27,200
27,200
27,201
27,201
27,201
27,202
27,202
27,202
27,203
27,203
27,203
27,204
27,204
27,204
27,205
27,205
27,205
27,206
27,206
27,206
27,207
27,207
27,207
27,208
27,208
27,208
27,209
27,209
27,209
27,210
27,210
27,210
27,211
27,211
27,211
27,212
27,212
27,212
27,213
27,213
27,213
27,214
27,214
27,214
27,215
27,215
27,215
27,216
27,216
27,216
28,16
28,16
28,16
28,17
28,17
28,17
28,18
28,18
28,18
28,19
28,19
28,19
28,20
28,20
28,20
28,21
28,21
28,21
28,22
28,22
28,22
28,23
28,23
28,23
28,24
28,24
28,24
28,25
28,25
28,25
28,26
28,26
28,26
28,27
28,27
28,27
28,28
28,28
28,28
28,29
28,29
28,29
28,30
28,30
28,30
28,31
28,31
28,31
28,32
28,32
28,32
28,33
28,33
28,33
28,34
28,34
28,34
28,35
28,35
28,35
28,36
28,36
28,36
28,37
28,37
28,37
28,38
28,38
28,38
28,39
28,39
28,39
28,40
28,40
28,40
28,41
28,41
28,41
28,42
28,42
28,42
28,43
28,43
28,43
28,44
28,44
28,44
28,45
28,45
28,45
28,46
28,46
28,46
28,47
28,47
28,47
28,48
28,48
28,48
28,49
28,49
28,49
28,50
28,50
28,50
28,51
28,51
28,51
28,52
28,52
28,52
28,53
28,53
28,53
28,54
28,54
28,54
28,55
28,55
28,55
28,56
28,56
28,56
28,57
28,57
28,57
28,58
28,58
28,58
28,59
28,59
28,59
28,60
28,60
28,60
28,61
28,61
28,61
28,62
28,62
28,62
28,63
28,63
28,63
28,64
28,64
28,64
28,65
28,65
28,65
28,66
28,66
28,66
28,67
28,67
28,67
28,68
28,68
28,68
28,69
28,69
28,69
28,70
28,70
28,70
28,71
28,71
28,71
28,72
28,72
28,72
28,73
28,73
28,73
28,74
28,74
28,74
28,75
28,75
28,75
28,76
28,76
28,76
28,77
28,77
28,77
28,78
28,78
28,78
28,79
28,79
28,79
28,80
28,80
28,80
28,81
28,81
28,81
28,82
28,82
28,82
28,83
28,83
28,83
28,84
28,84
28,84
28,85
28,85
28,85
28,86
28,86
28,86
28,87
28,87
28,87
28,88
28,88
28,88
28,89
28,89
28,89
28,90
28,90
28,90
28,91
28,91
28,91
28,92
28,92
28,92
28,93
28,93
28,93
28,94
28,94
28,94
28,95
28,95
28,95
28,96
28,96
28,96
28,97
28,97
28,97
28,98
28,98
28,98
28,99
28,99
28,99
28,100
28,100
28,100
28,101
28,101
28,101
28,102
28,102
28,102
28,103
28,103
28,103
28,104
28,104
28,104
28,105
28,105
28,105
28,106
28,106
28,106
28,107
28,107
28,107
28,108
28,108
28,108
28,109
28,109
28,109
28,110
28,110
28,110
28,111
28,111
28,111
28,112
28,112
28,112
28,113
28,113
28,113
28,114
28,114
28,114
28,115
28,115
28,115
28,116
28,116
28,116
28,117
28,117
28,117
28,118
28,118
28,118
28,119
28,119
28,119
28,120
28,120
28,120
28,121
28,121
28,121
28,122
28,122
28,122
28,123
28,123
28,123
28,124
28,124
28,124
28,125
28,125
28,125
28,126
28,126
28,126
28,127
28,127
28,127
28,128
28,128
28,128
28,129
28,129
28,129
28,130
28,130
28,130
28,131
28,131
28,131
28,132
28,132
28,132
28,133
28,133
28,133
28,134
28,134
28,134
28,135
28,135
28,135
28,136
28,136
28,136
28,137
28,137
28,137
28,138
28,138
28,138
28,139
28,139
28,139
28,140
28,140
28,140
28,141
28,141
28,141
28,142
28,142
28,142
28,143
28,143
28,143
28,144
28,144
28,144
28,145
28,145
28,145
28,146
28,146
28,146
28,147
28,147
28,147
28,148
28,148
28,148
28,149
28,149
28,149
28,150
28,150
28,150
28,151
28,151
28,151
28,152
28,152
28,152
28,153
28,153
28,153
28,154
28,154
28,154
28,155
28,155
28,155
28,156
28,156
28,156
28,157
28,157
28,157
28,158
28,158
28,158
28,159
28,159
28,159
28,160
28,160
28,160
28,161
28,161
28,161
28,162
28,162
28,162
28,163
28,163
28,163
28,164
28,164
28,164
28,165
28,165
28,165
28,166
28,166
28,166
28,167
28,167
28,167
28,168
28,168
28,168
28,169
28,169
28,169
28,170
28,170
28,170
28,171
28,171
28,171
28,172
28,172
28,172
28,173
28,173
28,173
28,174
28,174
28,174
28,175
28,175
28,175
28,176
28,176
28,176
28,177
28,177
28,177
28,178
28,178
28,178
28,179
28,179
28,179
28,180
28,180
28,180
28,181
28,181
28,181
28,182
28,182
28,182
28,183
28,183
28,183
28,184
28,184
28,184
28,185
28,185
28,185
28,186
28,186
28,186
28,187
28,187
28,187
28,188
28,188
28,188
28,189
28,189
28,189
28,190
28,190
28,190
28,191
28,191
28,191
28,192
28,192
28,192
28,193
28,193
28,193
28,194
28,194
28,194
28,195
28,195
28,195
28,196
28,196
28,196
28,197
28,197
28,197
28,198
28,198
28,198
28,199
28,199
28,199
28,200
28,200
28,200
28,201
28,201
28,201
28,202
28,202
28,202
28,203
28,203
28,203
28,204
28,204
28,204
28,205
28,205
28,205
28,206
28,206
28,206
28,207
28,207
28,207
28,208
28,208
28,208
28,209
28,209
28,209
28,210
28,210
28,210
28,211
28,211
28,211
28,212
28,212
28,212
28,213
28,213
28,213
28,214
28,214
28,214
28,215
28,215
28,215
28,216
28,216
28,216
29,16
29,16
29,16
29,17
29,17
29,17
29,18
29,18
29,18
29,19
29,19
29,19
29,20
29,20
29,20
29,21
29,21
29,21
29,22
29,22
29,22
29,23
29,23
29,23
29,24
29,24
29,24
29,25
29,25
29,25
29,26
29,26
29,26
29,27
29,27
29,27
29,28
29,28
29,28
29,29
29,29
29,29
29,30
29,30
29,30
29,31
29,31
29,31
29,32
29,32
29,32
29,33
29,33
29,33
29,34
29,34
29,34
29,35
29,35
29,35
29,36
29,36
29,36
29,37
29,37
29,37
29,38
29,38
29,38
29,39
29,39
29,39
29,40
29,40
29,40
29,41
29,41
29,41
29,42
29,42
29,42
29,43
29,43
29,43
29,44
29,44
29,44
29,45
29,45
29,45
29,46
29,46
29,46
29,47
29,47
29,47
29,48
29,48
29,48
29,49
29,49
29,49
29,50
29,50
29,50
29,51
29,51
29,51
29,52
29,52
29,52
29,53
29,53
29,53
29,54
29,54
29,54
29,55
29,55
29,55
29,56
29,56
29,56
29,57
29,57
29,57
29,58
29,58
29,58
29,59
29,59
29,59
29,60
29,60
29,60
29,61
29,61
29,61
29,62
29,62
29,62
29,63
29,63
29,63
29,64
29,64
29,64
29,65
29,65
29,65
29,66
29,66
29,66
29,67
29,67
29,67
29,68
29,68
29,68
29,69
29,69
29,69
29,70
29,70
29,70
29,71
29,71
29,71
29,72
29,72
29,72
29,73
29,73
29,73
29,74
29,74
29,74
29,75
29,75
29,75
29,76
29,76
29,76
29,77
29,77
29,77
29,78
29,78
29,78
29,79
29,79
29,79
29,80
29,80
29,80
29,81
29,81
29,81
29,82
29,82
29,82
29,83
29,83
29,83
29,84
29,84
29,84
29,85
29,85
29,85
29,86
29,86
29,86
29,87
29,87
29,87
29,88
29,88
29,88
29,89
29,89
29,89
29,90
29,90
29,90
29,91
29,91
29,91
29,92
29,92
29,92
29,93
29,93
29,93
29,94
29,94
29,94
29,95
29,95
29,95
29,96
29,96
29,96
29,97
29,97
29,97
29,98
29,98
29,98
29,99
29,99
29,99
29,100
29,100
29,100
29,101
29,101
29,101
29,102
29,102
29,102
29,103
29,103
29,103
29,104
29,104
29,104
29,105
29,105
29,105
29,106
29,106
29,106
29,107
29,107
29,107
29,108
29,108
29,108
29,109
29,109
29,109
29,110
29,110
29,110
29,111
29,111
29,111
29,112
29,112
29,112
29,113
29,113
29,113
29,114
29,114
29,114
29,115
29,115
29,115
29,116
29,116
29,116
29,117
29,117
29,117
29,118
29,118
29,118
29,119
29,119
29,119
29,120
29,120
29,120
29,121
29,121
29,121
29,122
29,122
29,122
29,123
29,123
29,123
29,124
29,124
29,124
29,125
29,125
29,125
29,126
29,126
29,126
29,127
29,127
29,127
29,128
29,128
29,128
29,129
29,129
29,129
29,130
29,130
29,130
29,131
29,131
29,131
29,132
29,132
29,132
29,133
29,133
29,133
29,134
29,134
29,134
29,135
29,135
29,135
29,136
29,136
29,136
29,137
29,137
29,137
29,138
29,138
29,138
29,139
29,139
29,139
29,140
29,140
29,140
29,141
29,141
29,141
29,142
29,142
29,142
29,143
29,143
29,143
29,144
29,144
29,144
29,145
29,145
29,145
29,146
29,146
29,146
29,147
29,147
29,147
29,148
29,148
29,148
29,149
29,149
29,149
29,150
29,150
29,150
29,151
29,151
29,151
29,152
29,152
29,152
29,153
29,153
29,153
29,154
29,154
29,154
29,155
29,155
29,155
29,156
29,156
29,156
29,157
29,157
29,157
29,158
29,158
29,158
29,159
29,159
29,159
29,160
29,160
29,160
29,161
29,161
29,161
29,162
29,162
29,162
29,163
29,163
29,163
29,164
29,164
29,164
29,165
29,165
29,165
29,166
29,166
29,166
29,167
29,167
29,167
29,168
29,168
29,168
29,169
29,169
29,169
29,170
29,170
29,170
29,171
29,171
29,171
29,172
29,172
29,172
29,173
29,173
29,173
29,174
29,174
29,174
29,175
29,175
29,175
29,176
29,176
29,176
29,177
29,177
29,177
29,178
29,178
29,178
29,179
29,179
29,179
29,180
29,180
29,180
29,181
29,181
29,181
29,182
29,182
29,182
29,183
29,183
29,183
29,184
29,184
29,184
29,185
29,185
29,185
29,186
29,186
29,186
29,187
29,187
29,187
29,188
29,188
29,188
29,189
29,189
29,189
29,190
29,190
29,190
29,191
29,191
29,191
29,192
29,192
29,192
29,193
29,193
29,193
29,194
29,194
29,194
29,195
29,195
29,195
29,196
29,196
29,196
29,197
29,197
29,197
29,198
29,198
29,198
29,199
29,199
29,199
29,200
29,200
29,200
29,201
29,201
29,201
29,202
29,202
29,202
29,203
29,203
29,203
29,204
29,204
29,204
29,205
29,205
29,205
29,206
29,206
29,206
29,207
29,207
29,207
29,208
29,208
29,208
29,209
29,209
29,209
29,210
29,210
29,210
29,211
29,211
29,211
29,212
29,212
29,212
29,213
29,213
29,213
29,214
29,214
29,214
29,215
29,215
29,215
29,216
29,216
29,216
30,16
30,16
30,16
30,17
30,17
30,17
30,18
30,18
30,18
30,19
30,19
30,19
30,20
30,20
30,20
30,21
30,21
30,21
30,22
30,22
30,22
30,23
30,23
30,23
30,24
30,24
30,24
30,25
30,25
30,25
30,26
30,26
30,26
30,27
30,27
30,27
30,28
30,28
30,28
30,29
30,29
30,29
30,30
30,30
30,30
30,31
30,31
30,31
30,32
30,32
30,32
30,33
30,33
30,33
30,34
30,34
30,34
30,35
30,35
30,35
30,36
30,36
30,36
30,37
30,37
30,37
30,38
30,38
30,38
30,39
30,39
30,39
30,40
30,40
30,40
30,41
30,41
30,41
30,42
30,42
30,42
30,43
30,43
30,43
30,44
30,44
30,44
30,45
30,45
30,45
30,46
30,46
30,46
30,47
30,47
30,47
30,48
30,48
30,48
30,49
30,49
30,49
30,50
30,50
30,50
30,51
30,51
30,51
30,52
30,52
30,52
30,53
30,53
30,53
30,54
30,54
30,54
30,55
30,55
30,55
30,56
30,56
30,56
30,57
30,57
30,57
30,58
30,58
30,58
30,59
30,59
30,59
30,60
30,60
30,60
30,61
30,61
30,61
30,62
30,62
30,62
30,63
30,63
30,63
30,64
30,64
30,64
30,65
30,65
30,65
30,66
30,66
30,66
30,67
30,67
30,67
30,68
30,68
30,68
30,69
30,69
30,69
30,70
30,70
30,70
30,71
30,71
30,71
30,72
30,72
30,72
30,73
30,73
30,73
30,74
30,74
30,74
30,75
30,75
30,75
30,76
30,76
30,76
30,77
30,77
30,77
30,78
30,78
30,78
30,79
30,79
30,79
30,80
30,80
30,80
30,81
30,81
30,81
30,82
30,82
30,82
30,83
30,83
30,83
30,84
30,84
30,84
30,85
30,85
30,85
30,86
30,86
30,86
30,87
30,87
30,87
30,88
30,88
30,88
30,89
30,89
30,89
30,90
30,90
30,90
30,91
30,91
30,91
30,92
30,92
30,92
30,93
30,93
30,93
30,94
30,94
30,94
30,95
30,95
30,95
30,96
30,96
30,96
30,97
30,97
30,97
30,98
30,98
30,98
30,99
30,99
30,99
30,100
30,100
30,100
30,101
30,101
30,101
30,102
30,102
30,102
30,103
30,103
30,103
30,104
30,104
30,104
30,105
30,105
30,105
30,106
30,106
30,106
30,107
30,107
30,107
30,108
30,108
30,108
30,109
30,109
30,109
30,110
30,110
30,110
30,111
30,111
30,111
30,112
30,112
30,112
30,113
30,113
30,113
30,114
30,114
30,114
30,115
30,115
30,115
30,116
30,116
30,116
30,117
30,117
30,117
30,118
30,118
30,118
30,119
30,119
30,119
30,120
30,120
30,120
30,121
30,121
30,121
30,122
30,122
30,122
30,123
30,123
30,123
30,124
30,124
30,124
30,125
30,125
30,125
30,126
30,126
30,126
30,127
30,127
30,127
30,128
30,128
30,128
30,129
30,129
30,129
30,130
30,130
30,130
30,131
30,131
30,131
30,132
30,132
30,132
30,133
30,133
30,133
30,134
30,134
30,134
30,135
30,135
30,135
30,136
30,136
30,136
30,137
30,137
30,137
30,138
30,138
30,138
30,139
30,139
30,139
30,140
30,140
30,140
30,141
30,141
30,141
30,142
30,142
30,142
30,143
30,143
30,143
30,144
30,144
30,144
30,145
30,145
30,145
30,146
30,146
30,146
30,147
30,147
30,147
30,148
30,148
30,148
30,149
30,149
30,149
30,150
30,150
30,150
30,151
30,151
30,151
30,152
30,152
30,152
30,153
30,153
30,153
30,154
30,154
30,154
30,155
30,155
30,155
30,156
30,156
30,156
30,157
30,157
30,157
30,158
30,158
30,158
30,159
30,159
30,159
30,160
30,160
30,160
30,161
30,161
30,161
30,162
30,162
30,162
30,163
30,163
30,163
30,164
30,164
30,164
30,165
30,165
30,165
30,166
30,166
30,166
30,167
30,167
30,167
30,168
30,168
30,168
30,169
30,169
30,169
30,170
30,170
30,170
30,171
30,171
30,171
30,172
30,172
30,172
30,173
30,173
30,173
30,174
30,174
30,174
30,175
30,175
30,175
30,176
30,176
30,176
30,177
30,177
30,177
30,178
30,178
30,178
30,179
30,179
30,179
30,180
30,180
30,180
30,181
30,181
30,181
30,182
30,182
30,182
30,183
30,183
30,183
30,184
30,184
30,184
30,185
30,185
30,185
30,186
30,186
30,186
30,187
30,187
30,187
30,188
30,188
30,188
30,189
30,189
30,189
30,190
30,190
30,190
30,191
30,191
30,191
30,192
30,192
30,192
30,193
30,193
30,193
30,194
30,194
30,194
30,195
30,195
30,195
30,196
30,196
30,196
30,197
30,197
30,197
30,198
30,198
30,198
30,199
30,199
30,199
30,200
30,200
30,200
30,201
30,201
30,201
30,202
30,202
30,202
30,203
30,203
30,203
30,204
30,204
30,204
30,205
30,205
30,205
30,206
30,206
30,206
30,207
30,207
30,207
30,208
30,208
30,208
30,209
30,209
30,209
30,210
30,210
30,210
30,211
30,211
30,211
30,212
30,212
30,212
30,213
30,213
30,213
30,214
30,214
30,214
30,215
30,215
30,215
30,216
30,216
30,216
31,16
31,16
31,16
31,17
31,17
31,17
31,18
31,18
31,18
31,19
31,19
31,19
31,20
31,20
31,20
31,21
31,21
31,21
31,22
31,22
31,22
31,23
31,23
31,23
31,24
31,24
31,24
31,25
31,25
31,25
31,26
31,26
31,26
31,27
31,27
31,27
31,28
31,28
31,28
31,29
31,29
31,29
31,30
31,30
31,30
31,31
31,31
31,31
31,32
31,32
31,32
31,33
31,33
31,33
31,34
31,34
31,34
31,35
31,35
31,35
31,36
31,36
31,36
31,37
31,37
31,37
31,38
31,38
31,38
31,39
31,39
31,39
31,40
31,40
31,40
31,41
31,41
31,41
31,42
31,42
31,42
31,43
31,43
31,43
31,44
31,44
31,44
31,45
31,45
31,45
31,46
31,46
31,46
31,47
31,47
31,47
31,48
31,48
31,48
31,49
31,49
31,49
31,50
31,50
31,50
31,51
31,51
31,51
31,52
31,52
31,52
31,53
31,53
31,53
31,54
31,54
31,54
31,55
31,55
31,55
31,56
31,56
31,56
31,57
31,57
31,57
31,58
31,58
31,58
31,59
31,59
31,59
31,60
31,60
31,60
31,61
31,61
31,61
31,62
31,62
31,62
31,63
31,63
31,63
31,64
31,64
31,64
31,65
31,65
31,65
31,66
31,66
31,66
31,67
31,67
31,67
31,68
31,68
31,68
31,69
31,69
31,69
31,70
31,70
31,70
31,71
31,71
31,71
31,72
31,72
31,72
31,73
31,73
31,73
31,74
31,74
31,74
31,75
31,75
31,75
31,76
31,76
31,76
31,77
31,77
31,77
31,78
31,78
31,78
31,79
31,79
31,79
31,80
31,80
31,80
31,81
31,81
31,81
31,82
31,82
31,82
31,83
31,83
31,83
31,84
31,84
31,84
31,85
31,85
31,85
31,86
31,86
31,86
31,87
31,87
31,87
31,88
31,88
31,88
31,89
31,89
31,89
31,90
31,90
31,90
31,91
31,91
31,91
31,92
31,92
31,92
31,93
31,93
31,93
31,94
31,94
31,94
31,95
31,95
31,95
31,96
31,96
31,96
31,97
31,97
31,97
31,98
31,98
31,98
31,99
31,99
31,99
31,100
31,100
31,100
31,101
31,101
31,101
31,102
31,102
31,102
31,103
31,103
31,103
31,104
31,104
31,104
31,105
31,105
31,105
31,106
31,106
31,106
31,107
31,107
31,107
31,108
31,108
31,108
31,109
31,109
31,109
31,110
31,110
31,110
31,111
31,111
31,111
31,112
31,112
31,112
31,113
31,113
31,113
31,114
31,114
31,114
31,115
31,115
31,115
31,116
31,116
31,116
31,117
31,117
31,117
31,118
31,118
31,118
31,119
31,119
31,119
31,120
31,120
31,120
31,121
31,121
31,121
31,122
31,122
31,122
31,123
31,123
31,123
31,124
31,124
31,124
31,125
31,125
31,125
31,126
31,126
31,126
31,127
31,127
31,127
31,128
31,128
31,128
31,129
31,129
31,129
31,130
31,130
31,130
31,131
31,131
31,131
31,132
31,132
31,132
31,133
31,133
31,133
31,134
31,134
31,134
31,135
31,135
31,135
31,136
31,136
31,136
31,137
31,137
31,137
31,138
31,138
31,138
31,139
31,139
31,139
31,140
31,140
31,140
31,141
31,141
31,141
31,142
31,142
31,142
31,143
31,143
31,143
31,144
31,144
31,144
31,145
31,145
31,145
31,146
31,146
31,146
31,147
31,147
31,147
31,148
31,148
31,148
31,149
31,149
31,149
31,150
31,150
31,150
31,151
31,151
31,151
31,152
31,152
31,152
31,153
31,153
31,153
31,154
31,154
31,154
31,155
31,155
31,155
31,156
31,156
31,156
31,157
31,157
31,157
31,158
31,158
31,158
31,159
31,159
31,159
31,160
31,160
31,160
31,161
31,161
31,161
31,162
31,162
31,162
31,163
31,163
31,163
31,164
31,164
31,164
31,165
31,165
31,165
31,166
31,166
31,166
31,167
31,167
31,167
31,168
31,168
31,168
31,169
31,169
31,169
31,170
31,170
31,170
31,171
31,171
31,171
31,172
31,172
31,172
31,173
31,173
31,173
31,174
31,174
31,174
31,175
31,175
31,175
31,176
31,176
31,176
31,177
31,177
31,177
31,178
31,178
31,178
31,179
31,179
31,179
31,180
31,180
31,180
31,181
31,181
31,181
31,182
31,182
31,182
31,183
31,183
31,183
31,184
31,184
31,184
31,185
31,185
31,185
31,186
31,186
31,186
31,187
31,187
31,187
31,188
31,188
31,188
31,189
31,189
31,189
31,190
31,190
31,190
31,191
31,191
31,191
31,192
31,192
31,192
31,193
31,193
31,193
31,194
31,194
31,194
31,195
31,195
31,195
31,196
31,196
31,196
31,197
31,197
31,197
31,198
31,198
31,198
31,199
31,199
31,199
31,200
31,200
31,200
31,201
31,201
31,201
31,202
31,202
31,202
31,203
31,203
31,203
31,204
31,204
31,204
31,205
31,205
31,205
31,206
31,206
31,206
31,207
31,207
31,207
31,208
31,208
31,208
31,209
31,209
31,209
31,210
31,210
31,210
31,211
31,211
31,211
31,212
31,212
31,212
31,213
31,213
31,213
31,214
31,214
31,214
31,215
31,215
31,215
31,216
31,216
31,216
32,16
32,16
32,16
32,17
32,17
32,17
32,18
32,18
32,18
32,19
32,19
32,19
32,20
32,20
32,20
32,21
32,21
32,21
32,22
32,22
32,22
32,23
32,23
32,23
32,24
32,24
32,24
32,25
32,25
32,25
32,26
32,26
32,26
32,27
32,27
32,27
32,28
32,28
32,28
32,29
32,29
32,29
32,30
32,30
32,30
32,31
32,31
32,31
32,32
32,32
32,32
32,33
32,33
32,33
32,34
32,34
32,34
32,35
32,35
32,35
32,36
32,36
32,36
32,37
32,37
32,37
32,38
32,38
32,38
32,39
32,39
32,39
32,40
32,40
32,40
32,41
32,41
32,41
32,42
32,42
32,42
32,43
32,43
32,43
32,44
32,44
32,44
32,45
32,45
32,45
32,46
32,46
32,46
32,47
32,47
32,47
32,48
32,48
32,48
32,49
32,49
32,49
32,50
32,50
32,50
32,51
32,51
32,51
32,52
32,52
32,52
32,53
32,53
32,53
32,54
32,54
32,54
32,55
32,55
32,55
32,56
32,56
32,56
32,57
32,57
32,57
32,58
32,58
32,58
32,59
32,59
32,59
32,60
32,60
32,60
32,61
32,61
32,61
32,62
32,62
32,62
32,63
32,63
32,63
32,64
32,64
32,64
32,65
32,65
32,65
32,66
32,66
32,66
32,67
32,67
32,67
32,68
32,68
32,68
32,69
32,69
32,69
32,70
32,70
32,70
32,71
32,71
32,71
32,72
32,72
32,72
32,73
32,73
32,73
32,74
32,74
32,74
32,75
32,75
32,75
32,76
32,76
32,76
32,77
32,77
32,77
32,78
32,78
32,78
32,79
32,79
32,79
32,80
32,80
32,80
32,81
32,81
32,81
32,82
32,82
32,82
32,83
32,83
32,83
32,84
32,84
32,84
32,85
32,85
32,85
32,86
32,86
32,86
32,87
32,87
32,87
32,88
32,88
32,88
32,89
32,89
32,89
32,90
32,90
32,90
32,91
32,91
32,91
32,92
32,92
32,92
32,93
32,93
32,93
32,94
32,94
32,94
32,95
32,95
32,95
32,96
32,96
32,96
32,97
32,97
32,97
32,98
32,98
32,98
32,99
32,99
32,99
32,100
32,100
32,100
32,101
32,101
32,101
32,102
32,102
32,102
32,103
32,103
32,103
32,104
32,104
32,104
32,105
32,105
32,105
32,106
32,106
32,106
32,107
32,107
32,107
32,108
32,108
32,108
32,109
32,109
32,109
32,110
32,110
32,110
32,111
32,111
32,111
32,112
32,112
32,112
32,113
32,113
32,113
32,114
32,114
32,114
32,115
32,115
32,115
32,116
32,116
32,116
32,117
32,117
32,117
32,118
32,118
32,118
32,119
32,119
32,119
32,120
32,120
32,120
32,121
32,121
32,121
32,122
32,122
32,122
32,123
32,123
32,123
32,124
32,124
32,124
32,125
32,125
32,125
32,126
32,126
32,126
32,127
32,127
32,127
32,128
32,128
32,128
32,129
32,129
32,129
32,130
32,130
32,130
32,131
32,131
32,131
32,132
32,132
32,132
32,133
32,133
32,133
32,134
32,134
32,134
32,135
32,135
32,135
32,136
32,136
32,136
32,137
32,137
32,137
32,138
32,138
32,138
32,139
32,139
32,139
32,140
32,140
32,140
32,141
32,141
32,141
32,142
32,142
32,142
32,143
32,143
32,143
32,144
32,144
32,144
32,145
32,145
32,145
32,146
32,146
32,146
32,147
32,147
32,147
32,148
32,148
32,148
32,149
32,149
32,149
32,150
32,150
32,150
32,151
32,151
32,151
32,152
32,152
32,152
32,153
32,153
32,153
32,154
32,154
32,154
32,155
32,155
32,155
32,156
32,156
32,156
32,157
32,157
32,157
32,158
32,158
32,158
32,159
32,159
32,159
32,160
32,160
32,160
32,161
32,161
32,161
32,162
32,162
32,162
32,163
32,163
32,163
32,164
32,164
32,164
32,165
32,165
32,165
32,166
32,166
32,166
32,167
32,167
32,167
32,168
32,168
32,168
32,169
32,169
32,169
32,170
32,170
32,170
32,171
32,171
32,171
32,172
32,172
32,172
32,173
32,173
32,173
32,174
32,174
32,174
32,175
32,175
32,175
32,176
32,176
32,176
32,177
32,177
32,177
32,178
32,178
32,178
32,179
32,179
32,179
32,180
32,180
32,180
32,181
32,181
32,181
32,182
32,182
32,182
32,183
32,183
32,183
32,184
32,184
32,184
32,185
32,185
32,185
32,186
32,186
32,186
32,187
32,187
32,187
32,188
32,188
32,188
32,189
32,189
32,189
32,190
32,190
32,190
32,191
32,191
32,191
32,192
32,192
32,192
32,193
32,193
32,193
32,194
32,194
32,194
32,195
32,195
32,195
32,196
32,196
32,196
32,197
32,197
32,197
32,198
32,198
32,198
32,199
32,199
32,199
32,200
32,200
32,200
32,201
32,201
32,201
32,202
32,202
32,202
32,203
32,203
32,203
32,204
32,204
32,204
32,205
32,205
32,205
32,206
32,206
32,206
32,207
32,207
32,207
32,208
32,208
32,208
32,209
32,209
32,209
32,210
32,210
32,210
32,211
32,211
32,211
32,212
32,212
32,212
32,213
32,213
32,213
32,214
32,214
32,214
32,215
32,215
32,215
32,216
32,216
32,216
33,16
33,16
33,16
33,17
33,17
33,17
33,18
33,18
33,18
33,19
33,19
33,19
33,20
33,20
33,20
33,21
33,21
33,21
33,22
33,22
33,22
33,23
33,23
33,23
33,24
33,24
33,24
33,25
33,25
33,25
33,26
33,26
33,26
33,27
33,27
33,27
33,28
33,28
33,28
33,29
33,29
33,29
33,30
33,30
33,30
33,31
33,31
33,31
33,32
33,32
33,32
33,33
33,33
33,33
33,34
33,34
33,34
33,35
33,35
33,35
33,36
33,36
33,36
33,37
33,37
33,37
33,38
33,38
33,38
33,39
33,39
33,39
33,40
33,40
33,40
33,41
33,41
33,41
33,42
33,42
33,42
33,43
33,43
33,43
33,44
33,44
33,44
33,45
33,45
33,45
33,46
33,46
33,46
33,47
33,47
33,47
33,48
33,48
33,48
33,49
33,49
33,49
33,50
33,50
33,50
33,51
33,51
33,51
33,52
33,52
33,52
33,53
33,53
33,53
33,54
33,54
33,54
33,55
33,55
33,55
33,56
33,56
33,56
33,57
33,57
33,57
33,58
33,58
33,58
33,59
33,59
33,59
33,60
33,60
33,60
33,61
33,61
33,61
33,62
33,62
33,62
33,63
33,63
33,63
33,64
33,64
33,64
33,65
33,65
33,65
33,66
33,66
33,66
33,67
33,67
33,67
33,68
33,68
33,68
33,69
33,69
33,69
33,70
33,70
33,70
33,71
33,71
33,71
33,72
33,72
33,72
33,73
33,73
33,73
33,74
33,74
33,74
33,75
33,75
33,75
33,76
33,76
33,76
33,77
33,77
33,77
33,78
33,78
33,78
33,79
33,79
33,79
33,80
33,80
33,80
33,81
33,81
33,81
33,82
33,82
33,82
33,83
33,83
33,83
33,84
33,84
33,84
33,85
33,85
33,85
33,86
33,86
33,86
33,87
33,87
33,87
33,88
33,88
33,88
33,89
33,89
33,89
33,90
33,90
33,90
33,91
33,91
33,91
33,92
33,92
33,92
33,93
33,93
33,93
33,94
33,94
33,94
33,95
33,95
33,95
33,96
33,96
33,96
33,97
33,97
33,97
33,98
33,98
33,98
33,99
33,99
33,99
33,100
33,100
33,100
33,101
33,101
33,101
33,102
33,102
33,102
33,103
33,103
33,103
33,104
33,104
33,104
33,105
33,105
33,105
33,106
33,106
33,106
33,107
33,107
33,107
33,108
33,108
33,108
33,109
33,109
33,109
33,110
33,110
33,110
33,111
33,111
33,111
33,112
33,112
33,112
33,113
33,113
33,113
33,114
33,114
33,114
33,115
33,115
33,115
33,116
33,116
33,116
33,117
33,117
33,117
33,118
33,118
33,118
33,119
33,119
33,119
33,120
33,120
33,120
33,121
33,121
33,121
33,122
33,122
33,122
33,123
33,123
33,123
33,124
33,124
33,124
33,125
33,125
33,125
33,126
33,126
33,126
33,127
33,127
33,127
33,128
33,128
33,128
33,129
33,129
33,129
33,130
33,130
33,130
33,131
33,131
33,131
33,132
33,132
33,132
33,133
33,133
33,133
33,134
33,134
33,134
33,135
33,135
33,135
33,136
33,136
33,136
33,137
33,137
33,137
33,138
33,138
33,138
33,139
33,139
33,139
33,140
33,140
33,140
33,141
33,141
33,141
33,142
33,142
33,142
33,143
33,143
33,143
33,144
33,144
33,144
33,145
33,145
33,145
33,146
33,146
33,146
33,147
33,147
33,147
33,148
33,148
33,148
33,149
33,149
33,149
33,150
33,150
33,150
33,151
33,151
33,151
33,152
33,152
33,152
33,153
33,153
33,153
33,154
33,154
33,154
33,155
33,155
33,155
33,156
33,156
33,156
33,157
33,157
33,157
33,158
33,158
33,158
33,159
33,159
33,159
33,160
33,160
33,160
33,161
33,161
33,161
33,162
33,162
33,162
33,163
33,163
33,163
33,164
33,164
33,164
33,165
33,165
33,165
33,166
33,166
33,166
33,167
33,167
33,167
33,168
33,168
33,168
33,169
33,169
33,169
33,170
33,170
33,170
33,171
33,171
33,171
33,172
33,172
33,172
33,173
33,173
33,173
33,174
33,174
33,174
33,175
33,175
33,175
33,176
33,176
33,176
33,177
33,177
33,177
33,178
33,178
33,178
33,179
33,179
33,179
33,180
33,180
33,180
33,181
33,181
33,181
33,182
33,182
33,182
33,183
33,183
33,183
33,184
33,184
33,184
33,185
33,185
33,185
33,186
33,186
33,186
33,187
33,187
33,187
33,188
33,188
33,188
33,189
33,189
33,189
33,190
33,190
33,190
33,191
33,191
33,191
33,192
33,192
33,192
33,193
33,193
33,193
33,194
33,194
33,194
33,195
33,195
33,195
33,196
33,196
33,196
33,197
33,197
33,197
33,198
33,198
33,198
33,199
33,199
33,199
33,200
33,200
33,200
33,201
33,201
33,201
33,202
33,202
33,202
33,203
33,203
33,203
33,204
33,204
33,204
33,205
33,205
33,205
33,206
33,206
33,206
33,207
33,207
33,207
33,208
33,208
33,208
33,209
33,209
33,209
33,210
33,210
33,210
33,211
33,211
33,211
33,212
33,212
33,212
33,213
33,213
33,213
33,214
33,214
33,214
33,215
33,215
33,215
33,216
33,216
33,216
34,16
34,16
34,16
34,17
34,17
34,17
34,18
34,18
34,18
34,19
34,19
34,19
34,20
34,20
34,20
34,21
34,21
34,21
34,22
34,22
34,22
34,23
34,23
34,23
34,24
34,24
34,24
34,25
34,25
34,25
34,26
34,26
34,26
34,27
34,27
34,27
34,28
34,28
34,28
34,29
34,29
34,29
34,30
34,30
34,30
34,31
34,31
34,31
34,32
34,32
34,32
34,33
34,33
34,33
34,34
34,34
34,34
34,35
34,35
34,35
34,36
34,36
34,36
34,37
34,37
34,37
34,38
34,38
34,38
34,39
34,39
34,39
34,40
34,40
34,40
34,41
34,41
34,41
34,42
34,42
34,42
34,43
34,43
34,43
34,44
34,44
34,44
34,45
34,45
34,45
34,46
34,46
34,46
34,47
34,47
34,47
34,48
34,48
34,48
34,49
34,49
34,49
34,50
34,50
34,50
34,51
34,51
34,51
34,52
34,52
34,52
34,53
34,53
34,53
34,54
34,54
34,54
34,55
34,55
34,55
34,56
34,56
34,56
34,57
34,57
34,57
34,58
34,58
34,58
34,59
34,59
34,59
34,60
34,60
34,60
34,61
34,61
34,61
34,62
34,62
34,62
34,63
34,63
34,63
34,64
34,64
34,64
34,65
34,65
34,65
34,66
34,66
34,66
34,67
34,67
34,67
34,68
34,68
34,68
34,69
34,69
34,69
34,70
34,70
34,70
34,71
34,71
34,71
34,72
34,72
34,72
34,73
34,73
34,73
34,74
34,74
34,74
34,75
34,75
34,75
34,76
34,76
34,76
34,77
34,77
34,77
34,78
34,78
34,78
34,79
34,79
34,79
34,80
34,80
34,80
34,81
34,81
34,81
34,82
34,82
34,82
34,83
34,83
34,83
34,84
34,84
34,84
34,85
34,85
34,85
34,86
34,86
34,86
34,87
34,87
34,87
34,88
34,88
34,88
34,89
34,89
34,89
34,90
34,90
34,90
34,91
34,91
34,91
34,92
34,92
34,92
34,93
34,93
34,93
34,94
34,94
34,94
34,95
34,95
34,95
34,96
34,96
34,96
34,97
34,97
34,97
34,98
34,98
34,98
34,99
34,99
34,99
34,100
34,100
34,100
34,101
34,101
34,101
34,102
34,102
34,102
34,103
34,103
34,103
34,104
34,104
34,104
34,105
34,105
34,105
34,106
34,106
34,106
34,107
34,107
34,107
34,108
34,108
34,108
34,109
34,109
34,109
34,110
34,110
34,110
34,111
34,111
34,111
34,112
34,112
34,112
34,113
34,113
34,113
34,114
34,114
34,114
34,115
34,115
34,115
34,116
34,116
34,116
34,117
34,117
34,117
34,118
34,118
34,118
34,119
34,119
34,119
34,120
34,120
34,120
34,121
34,121
34,121
34,122
34,122
34,122
34,123
34,123
34,123
34,124
34,124
34,124
34,125
34,125
34,125
34,126
34,126
34,126
34,127
34,127
34,127
34,128
34,128
34,128
34,129
34,129
34,129
34,130
34,130
34,130
34,131
34,131
34,131
34,132
34,132
34,132
34,133
34,133
34,133
34,134
34,134
34,134
34,135
34,135
34,135
34,136
34,136
34,136
34,137
34,137
34,137
34,138
34,138
34,138
34,139
34,139
34,139
34,140
34,140
34,140
34,141
34,141
34,141
34,142
34,142
34,142
34,143
34,143
34,143
34,144
34,144
34,144
34,145
34,145
34,145
34,146
34,146
34,146
34,147
34,147
34,147
34,148
34,148
34,148
34,149
34,149
34,149
34,150
34,150
34,150
34,151
34,151
34,151
34,152
34,152
34,152
34,153
34,153
34,153
34,154
34,154
34,154
34,155
34,155
34,155
34,156
34,156
34,156
34,157
34,157
34,157
34,158
34,158
34,158
34,159
34,159
34,159
34,160
34,160
34,160
34,161
34,161
34,161
34,162
34,162
34,162
34,163
34,163
34,163
34,164
34,164
34,164
34,165
34,165
34,165
34,166
34,166
34,166
34,167
34,167
34,167
34,168
34,168
34,168
34,169
34,169
34,169
34,170
34,170
34,170
34,171
34,171
34,171
34,172
34,172
34,172
34,173
34,173
34,173
34,174
34,174
34,174
34,175
34,175
34,175
34,176
34,176
34,176
34,177
34,177
34,177
34,178
34,178
34,178
34,179
34,179
34,179
34,180
34,180
34,180
34,181
34,181
34,181
34,182
34,182
34,182
34,183
34,183
34,183
34,184
34,184
34,184
34,185
34,185
34,185
34,186
34,186
34,186
34,187
34,187
34,187
34,188
34,188
34,188
34,189
34,189
34,189
34,190
34,190
34,190
34,191
34,191
34,191
34,192
34,192
34,192
34,193
34,193
34,193
34,194
34,194
34,194
34,195
34,195
34,195
34,196
34,196
34,196
34,197
34,197
34,197
34,198
34,198
34,198
34,199
34,199
34,199
34,200
34,200
34,200
34,201
34,201
34,201
34,202
34,202
34,202
34,203
34,203
34,203
34,204
34,204
34,204
34,205
34,205
34,205
34,206
34,206
34,206
34,207
34,207
34,207
34,208
34,208
34,208
34,209
34,209
34,209
34,210
34,210
34,210
34,211
34,211
34,211
34,212
34,212
34,212
34,213
34,213
34,213
34,214
34,214
34,214
34,215
34,215
34,215
34,216
34,216
34,216
35,16
35,16
35,16
35,17
35,17
35,17
35,18
35,18
35,18
35,19
35,19
35,19
35,20
35,20
35,20
35,21
35,21
35,21
35,22
35,22
35,22
35,23
35,23
35,23
35,24
35,24
35,24
35,25
35,25
35,25
35,26
35,26
35,26
35,27
35,27
35,27
35,28
35,28
35,28
35,29
35,29
35,29
35,30
35,30
35,30
35,31
35,31
35,31
35,32
35,32
35,32
35,33
35,33
35,33
35,34
35,34
35,34
35,35
35,35
35,35
35,36
35,36
35,36
35,37
35,37
35,37
35,38
35,38
35,38
35,39
35,39
35,39
35,40
35,40
35,40
35,41
35,41
35,41
35,42
35,42
35,42
35,43
35,43
35,43
35,44
35,44
35,44
35,45
35,45
35,45
35,46
35,46
35,46
35,47
35,47
35,47
35,48
35,48
35,48
35,49
35,49
35,49
35,50
35,50
35,50
35,51
35,51
35,51
35,52
35,52
35,52
35,53
35,53
35,53
35,54
35,54
35,54
35,55
35,55
35,55
35,56
35,56
35,56
35,57
35,57
35,57
35,58
35,58
35,58
35,59
35,59
35,59
35,60
35,60
35,60
35,61
35,61
35,61
35,62
35,62
35,62
35,63
35,63
35,63
35,64
35,64
35,64
35,65
35,65
35,65
35,66
35,66
35,66
35,67
35,67
35,67
35,68
35,68
35,68
35,69
35,69
35,69
35,70
35,70
35,70
35,71
35,71
35,71
35,72
35,72
35,72
35,73
35,73
35,73
35,74
35,74
35,74
35,75
35,75
35,75
35,76
35,76
35,76
35,77
35,77
35,77
35,78
35,78
35,78
35,79
35,79
35,79
35,80
35,80
35,80
35,81
35,81
35,81
35,82
35,82
35,82
35,83
35,83
35,83
35,84
35,84
35,84
35,85
35,85
35,85
35,86
35,86
35,86
35,87
35,87
35,87
35,88
35,88
35,88
35,89
35,89
35,89
35,90
35,90
35,90
35,91
35,91
35,91
35,92
35,92
35,92
35,93
35,93
35,93
35,94
35,94
35,94
35,95
35,95
35,95
35,96
35,96
35,96
35,97
35,97
35,97
35,98
35,98
35,98
35,99
35,99
35,99
35,100
35,100
35,100
35,101
35,101
35,101
35,102
35,102
35,102
35,103
35,103
35,103
35,104
35,104
35,104
35,105
35,105
35,105
35,106
35,106
35,106
35,107
35,107
35,107
35,108
35,108
35,108
35,109
35,109
35,109
35,110
35,110
35,110
35,111
35,111
35,111
35,112
35,112
35,112
35,113
35,113
35,113
35,114
35,114
35,114
35,115
35,115
35,115
35,116
35,116
35,116
35,117
35,117
35,117
35,118
35,118
35,118
35,119
35,119
35,119
35,120
35,120
35,120
35,121
35,121
35,121
35,122
35,122
35,122
35,123
35,123
35,123
35,124
35,124
35,124
35,125
35,125
35,125
35,126
35,126
35,126
35,127
35,127
35,127
35,128
35,128
35,128
35,129
35,129
35,129
35,130
35,130
35,130
35,131
35,131
35,131
35,132
35,132
35,132
35,133
35,133
35,133
35,134
35,134
35,134
35,135
35,135
35,135
35,136
35,136
35,136
35,137
35,137
35,137
35,138
35,138
35,138
35,139
35,139
35,139
35,140
35,140
35,140
35,141
35,141
35,141
35,142
35,142
35,142
35,143
35,143
35,143
35,144
35,144
35,144
35,145
35,145
35,145
35,146
35,146
35,146
35,147
35,147
35,147
35,148
35,148
35,148
35,149
35,149
35,149
35,150
35,150
35,150
35,151
35,151
35,151
35,152
35,152
35,152
35,153
35,153
35,153
35,154
35,154
35,154
35,155
35,155
35,155
35,156
35,156
35,156
35,157
35,157
35,157
35,158
35,158
35,158
35,159
35,159
35,159
35,160
35,160
35,160
35,161
35,161
35,161
35,162
35,162
35,162
35,163
35,163
35,163
35,164
35,164
35,164
35,165
35,165
35,165
35,166
35,166
35,166
35,167
35,167
35,167
35,168
35,168
35,168
35,169
35,169
35,169
35,170
35,170
35,170
35,171
35,171
35,171
35,172
35,172
35,172
35,173
35,173
35,173
35,174
35,174
35,174
35,175
35,175
35,175
35,176
35,176
35,176
35,177
35,177
35,177
35,178
35,178
35,178
35,179
35,179
35,179
35,180
35,180
35,180
35,181
35,181
35,181
35,182
35,182
35,182
35,183
35,183
35,183
35,184
35,184
35,184
35,185
35,185
35,185
35,186
35,186
35,186
35,187
35,187
35,187
35,188
35,188
35,188
35,189
35,189
35,189
35,190
35,190
35,190
35,191
35,191
35,191
35,192
35,192
35,192
35,193
35,193
35,193
35,194
35,194
35,194
35,195
35,195
35,195
35,196
35,196
35,196
35,197
35,197
35,197
35,198
35,198
35,198
35,199
35,199
35,199
35,200
35,200
35,200
35,201
35,201
35,201
35,202
35,202
35,202
35,203
35,203
35,203
35,204
35,204
35,204
35,205
35,205
35,205
35,206
35,206
35,206
35,207
35,207
35,207
35,208
35,208
35,208
35,209
35,209
35,209
35,210
35,210
35,210
35,211
35,211
35,211
35,212
35,212
35,212
35,213
35,213
35,213
35,214
35,214
35,214
35,215
35,215
35,215
35,216
35,216
35,216
36,16
36,16
36,16
36,17
36,17
36,17
36,18
36,18
36,18
36,19
36,19
36,19
36,20
36,20
36,20
36,21
36,21
36,21
36,22
36,22
36,22
36,23
36,23
36,23
36,24
36,24
36,24
36,25
36,25
36,25
36,26
36,26
36,26
36,27
36,27
36,27
36,28
36,28
36,28
36,29
36,29
36,29
36,30
36,30
36,30
36,31
36,31
36,31
36,32
36,32
36,32
36,33
36,33
36,33
36,34
36,34
36,34
36,35
36,35
36,35
36,36
36,36
36,36
36,37
36,37
36,37
36,38
36,38
36,38
36,39
36,39
36,39
36,40
36,40
36,40
36,41
36,41
36,41
36,42
36,42
36,42
36,43
36,43
36,43
36,44
36,44
36,44
36,45
36,45
36,45
36,46
36,46
36,46
36,47
36,47
36,47
36,48
36,48
36,48
36,49
36,49
36,49
36,50
36,50
36,50
36,51
36,51
36,51
36,52
36,52
36,52
36,53
36,53
36,53
36,54
36,54
36,54
36,55
36,55
36,55
36,56
36,56
36,56
36,57
36,57
36,57
36,58
36,58
36,58
36,59
36,59
36,59
36,60
36,60
36,60
36,61
36,61
36,61
36,62
36,62
36,62
36,63
36,63
36,63
36,64
36,64
36,64
36,65
36,65
36,65
36,66
36,66
36,66
36,67
36,67
36,67
36,68
36,68
36,68
36,69
36,69
36,69
36,70
36,70
36,70
36,71
36,71
36,71
36,72
36,72
36,72
36,73
36,73
36,73
36,74
36,74
36,74
36,75
36,75
36,75
36,76
36,76
36,76
36,77
36,77
36,77
36,78
36,78
36,78
36,79
36,79
36,79
36,80
36,80
36,80
36,81
36,81
36,81
36,82
36,82
36,82
36,83
36,83
36,83
36,84
36,84
36,84
36,85
36,85
36,85
36,86
36,86
36,86
36,87
36,87
36,87
36,88
36,88
36,88
36,89
36,89
36,89
36,90
36,90
36,90
36,91
36,91
36,91
36,92
36,92
36,92
36,93
36,93
36,93
36,94
36,94
36,94
36,95
36,95
36,95
36,96
36,96
36,96
36,97
36,97
36,97
36,98
36,98
36,98
36,99
36,99
36,99
36,100
36,100
36,100
36,101
36,101
36,101
36,102
36,102
36,102
36,103
36,103
36,103
36,104
36,104
36,104
36,105
36,105
36,105
36,106
36,106
36,106
36,107
36,107
36,107
36,108
36,108
36,108
36,109
36,109
36,109
36,110
36,110
36,110
36,111
36,111
36,111
36,112
36,112
36,112
36,113
36,113
36,113
36,114
36,114
36,114
36,115
36,115
36,115
36,116
36,116
36,116
36,117
36,117
36,117
36,118
36,118
36,118
36,119
36,119
36,119
36,120
36,120
36,120
36,121
36,121
36,121
36,122
36,122
36,122
36,123
36,123
36,123
36,124
36,124
36,124
36,125
36,125
36,125
36,126
36,126
36,126
36,127
36,127
36,127
36,128
36,128
36,128
36,129
36,129
36,129
36,130
36,130
36,130
36,131
36,131
36,131
36,132
36,132
36,132
36,133
36,133
36,133
36,134
36,134
36,134
36,135
36,135
36,135
36,136
36,136
36,136
36,137
36,137
36,137
36,138
36,138
36,138
36,139
36,139
36,139
36,140
36,140
36,140
36,141
36,141
36,141
36,142
36,142
36,142
36,143
36,143
36,143
36,144
36,144
36,144
36,145
36,145
36,145
36,146
36,146
36,146
36,147
36,147
36,147
36,148
36,148
36,148
36,149
36,149
36,149
36,150
36,150
36,150
36,151
36,151
36,151
36,152
36,152
36,152
36,153
36,153
36,153
36,154
36,154
36,154
36,155
36,155
36,155
36,156
36,156
36,156
36,157
36,157
36,157
36,158
36,158
36,158
36,159
36,159
36,159
36,160
36,160
36,160
36,161
36,161
36,161
36,162
36,162
36,162
36,163
36,163
36,163
36,164
36,164
36,164
36,165
36,165
36,165
36,166
36,166
36,166
36,167
36,167
36,167
36,168
36,168
36,168
36,169
36,169
36,169
36,170
36,170
36,170
36,171
36,171
36,171
36,172
36,172
36,172
36,173
36,173
36,173
36,174
36,174
36,174
36,175
36,175
36,175
36,176
36,176
36,176
36,177
36,177
36,177
36,178
36,178
36,178
36,179
36,179
36,179
36,180
36,180
36,180
36,181
36,181
36,181
36,182
36,182
36,182
36,183
36,183
36,183
36,184
36,184
36,184
36,185
36,185
36,185
36,186
36,186
36,186
36,187
36,187
36,187
36,188
36,188
36,188
36,189
36,189
36,189
36,190
36,190
36,190
36,191
36,191
36,191
36,192
36,192
36,192
36,193
36,193
36,193
36,194
36,194
36,194
36,195
36,195
36,195
36,196
36,196
36,196
36,197
36,197
36,197
36,198
36,198
36,198
36,199
36,199
36,199
36,200
36,200
36,200
36,201
36,201
36,201
36,202
36,202
36,202
36,203
36,203
36,203
36,204
36,204
36,204
36,205
36,205
36,205
36,206
36,206
36,206
36,207
36,207
36,207
36,208
36,208
36,208
36,209
36,209
36,209
36,210
36,210
36,210
36,211
36,211
36,211
36,212
36,212
36,212
36,213
36,213
36,213
36,214
36,214
36,214
36,215
36,215
36,215
36,216
36,216
36,216
